   4.771100E+01       30       59   1.487252E+03   5.130700E+01
   7.647200E+01       60       89   2.042918E+03   5.506400E+01
   1.059170E+02       90      119   2.960235E+03   6.533500E+01
   1.356050E+02      120      149   3.868376E+03   7.729600E+01
   1.654060E+02      150      179   4.886579E+03   8.696800E+01
   1.952670E+02      180      209   5.464151E+03   9.090000E+01
   2.251650E+02      210      239   5.786167E+03   8.743100E+01
   2.550870E+02      240      269   5.366121E+03   7.718000E+01
   2.850250E+02      270      299   4.627076E+03   6.270400E+01
   3.149750E+02      300      329   3.600453E+03   4.728700E+01
   3.449340E+02      330      359   2.630058E+03   3.395900E+01
   3.748990E+02      360      389   2.030650E+03   2.487100E+01
   4.048700E+02      390      419   1.750862E+03   2.074700E+01
   4.348440E+02      420      449   1.784114E+03   2.069900E+01
   4.648220E+02      450      479   2.159716E+03   2.277800E+01
   4.948030E+02      480      509   2.419460E+03   2.499900E+01
   5.247850E+02      510      539   2.571106E+03   2.594500E+01
   5.547700E+02      540      569   2.542553E+03   2.506900E+01
   5.847560E+02      570      599   2.358374E+03   2.274100E+01
   6.147440E+02      600      629   2.092941E+03   1.986400E+01
   6.447320E+02      630      659   1.882165E+03   1.750600E+01
   6.747220E+02      660      689   1.811399E+03   1.642500E+01
   7.047120E+02      690      719   1.881812E+03   1.678600E+01
   7.347040E+02      720      749   2.094279E+03   1.814500E+01
   7.646960E+02      750      779   2.315466E+03   1.971000E+01
   7.946880E+02      780      809   2.463087E+03   2.067300E+01
   8.246820E+02      810      839   2.518245E+03   2.048500E+01
   8.546750E+02      840      869   2.390562E+03   1.901000E+01
   8.846690E+02      870      899   2.081480E+03   1.656000E+01
   9.146640E+02      900      929   1.738794E+03   1.372900E+01
   9.446590E+02      930      959   1.415486E+03   1.114000E+01
   9.746540E+02      960      989   1.171528E+03   9.285000E+00
   1.004649E+03      990     1019   1.060363E+03   8.372000E+00
   1.034645E+03     1020     1049   1.046307E+03   8.284000E+00
   1.064641E+03     1050     1079   1.130338E+03   8.658000E+00
   1.094637E+03     1080     1109   1.208609E+03   9.074000E+00
   1.124633E+03     1110     1139   1.229252E+03   9.213000E+00
   1.154630E+03     1140     1169   1.203915E+03   8.933000E+00
   1.184626E+03     1170     1199   1.114669E+03   8.273000E+00
   1.214623E+03     1200     1229   9.660750E+02   7.458000E+00
   1.244620E+03     1230     1259   8.631270E+02   6.558000E+00
   1.274618E+03     1260     1289   7.606940E+02   5.900000E+00
   1.304615E+03     1290     1319   7.302210E+02   5.596000E+00
   1.334612E+03     1320     1349   7.357550E+02   5.619000E+00
   1.364610E+03     1350     1379   7.727150E+02   5.832000E+00
   1.394607E+03     1380     1409   8.047270E+02   6.054000E+00
   1.424605E+03     1410     1439   8.064330E+02   6.131000E+00
   1.454603E+03     1440     1469   7.759710E+02   5.983000E+00
   1.484601E+03     1470     1499   7.272180E+02   5.617000E+00
   1.514599E+03     1500     1529   6.468190E+02   5.116000E+00
   1.544597E+03     1530     1559   5.502570E+02   4.598000E+00
   1.574595E+03     1560     1589   4.751330E+02   4.174000E+00
   1.604593E+03     1590     1619   4.179220E+02   3.914000E+00
   1.634592E+03     1620     1649   3.937280E+02   3.832000E+00
   1.664590E+03     1650     1679   3.896620E+02   3.889000E+00
   1.694588E+03     1680     1709   3.911190E+02   4.019000E+00
   1.724587E+03     1710     1739   3.977270E+02   4.154000E+00
   1.754585E+03     1740     1769   3.825340E+02   4.246000E+00
   1.784584E+03     1770     1799   3.725090E+02   4.281000E+00
   1.814583E+03     1800     1829   3.404830E+02   4.279000E+00
   1.844581E+03     1830     1859   3.072190E+02   4.273000E+00
   1.874580E+03     1860     1889   2.726460E+02   4.305000E+00
   1.904579E+03     1890     1919   2.475890E+02   4.403000E+00
   1.934577E+03     1920     1949   2.420020E+02   4.578000E+00
   1.964576E+03     1950     1979   2.329590E+02   4.822000E+00
   1.994575E+03     1980     2009   2.342130E+02   5.231000E+00
   2.024574E+03     2010     2039   2.294540E+02   5.685000E+00
   2.054573E+03     2040     2069   2.204460E+02   6.012000E+00
   2.084572E+03     2070     2099   2.159820E+02   6.342000E+00
   2.114571E+03     2100     2129   1.969380E+02   6.681000E+00
   2.144570E+03     2130     2159   1.764260E+02   7.044000E+00
   2.174569E+03     2160     2189   1.524450E+02   7.450000E+00
   2.204568E+03     2190     2219   1.398720E+02   7.915000E+00
   2.234567E+03     2220     2249   1.236670E+02   8.451000E+00
   2.264566E+03     2250     2279   1.172550E+02   9.062000E+00
   2.294565E+03     2280     2309   1.165330E+02   9.746000E+00
   2.324564E+03     2310     2339   1.093890E+02   1.049900E+01
   2.354564E+03     2340     2369   1.128220E+02   1.132100E+01
   2.384563E+03     2370     2399   1.141310E+02   1.220900E+01
   2.414562E+03     2400     2429   8.793100E+01   1.316800E+01
   2.444561E+03     2430     2459   9.758600E+01   1.421200E+01
   2.474561E+03     2460     2489   7.311300E+01   1.534400E+01
   2.499024E+03     2490     2508   6.402700E+01   2.073600E+01
