9.53997e-07 0.330000	 0.500000	 1.000000	 8.58204	 2.87972	 1.00133	 
2.81585e-06 0.330000	 0.500000	 1.000000	 8.86994	 2.98586	 1.00135	 
3.20423e-07 0.330000	 0.500000	 1.000000	 8.34404	 2.79597	 1.00129	 
4.55801e-06 0.330000	 0.500000	 1.000000	 9.25429	 3.08399	 1.00140	 
2.76857e-06 0.330000	 0.500000	 1.000000	 9.15008	 3.13183	 1.00138	 
1.28970e-05 0.330000	 0.500000	 1.000000	 8.91650	 2.98603	 1.00137	 
1.31882e-06 0.330000	 0.500000	 1.000000	 9.30635	 3.15442	 1.00142	 
1.14568e-07 0.330000	 0.500000	 1.000000	 9.17159	 3.04583	 1.00142	 
1.89010e-06 0.330000	 0.500000	 1.000000	 9.11484	 3.07863	 1.00139	 
1.73244e-06 0.330000	 0.500000	 1.000000	 9.02571	 3.02206	 1.00137	 
2.61896e-05 0.330000	 0.500000	 1.000000	 8.94669	 3.07286	 1.00135	 
7.30594e-06 0.330000	 0.500000	 1.000000	 9.33521	 3.20422	 1.00140	 
3.93719e-07 0.330000	 0.500000	 1.000000	 9.18223	 3.13830	 1.00138	 
4.83688e-07 0.330000	 0.500000	 1.000000	 8.28665	 2.81188	 1.00128	 
1.13526e-06 0.330000	 0.500000	 1.000000	 8.70389	 2.95287	 1.00133	 
1.90746e-06 0.330000	 0.500000	 1.000000	 9.69718	 3.27531	 1.00144	 
1.34996e-06 0.330000	 0.500000	 1.000000	 8.63625	 2.89129	 1.00133	 
1.29656e-05 0.330000	 0.500000	 1.000000	 9.36741	 3.18096	 1.00140	 
3.54140e-07 0.330000	 0.500000	 1.000000	 9.66069	 3.21954	 1.00145	 
3.27082e-06 0.330000	 0.500000	 1.000000	 9.68360	 3.25195	 1.00145	 
4.77977e-06 0.330000	 0.500000	 1.000000	 8.79113	 3.00349	 1.00134	 
2.00584e-06 0.330000	 0.500000	 1.000000	 9.37788	 3.17874	 1.00142	 
1.24593e-06 0.330000	 0.500000	 1.000000	 9.63897	 3.30825	 1.00145	 
4.61791e-05 0.330000	 0.500000	 1.000000	 9.34014	 3.24477	 1.00138	 
1.72524e-05 0.330000	 0.500000	 1.000000	 9.65961	 3.32520	 1.00143	 
1.33245e-06 0.330000	 0.500000	 1.000000	 9.80703	 3.34932	 1.00146	 
1.09848e-06 0.330000	 0.500000	 1.000000	 9.33398	 3.19343	 1.00138	 
3.95210e-06 0.330000	 0.500000	 1.000000	 9.51574	 3.23160	 1.00142	 
7.80860e-07 0.330000	 0.500000	 1.000000	 8.46699	 2.90950	 1.00130	 
6.05179e-07 0.330000	 0.500000	 1.000000	 8.73239	 2.90318	 1.00135	 
1.09617e-07 0.330000	 0.500000	 1.000000	 9.22475	 3.11957	 1.00143	 
5.53100e-05 0.330000	 0.500000	 1.000000	 9.00108	 3.07119	 1.00136	 
6.44367e-06 0.330000	 0.500000	 1.000000	 8.96559	 3.03051	 1.00136	 
3.43677e-08 0.330000	 0.500000	 1.000000	 9.98406	 3.37096	 1.00147	 
9.52293e-06 0.330000	 0.500000	 1.000000	 9.36804	 3.26189	 1.00140	 
4.19838e-06 0.330000	 0.500000	 1.000000	 10.44707	 3.55167	 1.00155	 
7.64897e-06 0.330000	 0.500000	 1.000000	 9.18952	 3.16850	 1.00139	 
5.01104e-05 0.330000	 0.500000	 1.000000	 9.05621	 3.10566	 1.00137	 
4.39451e-06 0.330000	 0.500000	 1.000000	 9.12500	 3.11838	 1.00136	 
7.69396e-06 0.330000	 0.500000	 1.000000	 9.35309	 3.18805	 1.00140	 
1.44827e-06 0.330000	 0.500000	 1.000000	 9.08067	 3.08838	 1.00138	 
4.51617e-06 0.330000	 0.500000	 1.000000	 9.62162	 3.27199	 1.00145	 
1.02170e-06 0.330000	 0.500000	 1.000000	 9.24374	 3.20927	 1.00138	 
8.62149e-08 0.330000	 0.500000	 1.000000	 9.09705	 3.11207	 1.00135	 
8.93245e-07 0.330000	 0.500000	 1.000000	 8.71185	 2.96785	 1.00133	 
4.47730e-06 0.330000	 0.500000	 1.000000	 9.07426	 3.11349	 1.00137	 
3.09028e-06 0.330000	 0.500000	 1.000000	 9.85609	 3.38515	 1.00144	 
2.09350e-06 0.330000	 0.500000	 1.000000	 10.21854	 3.47857	 1.00151	 
3.39038e-05 0.330000	 0.500000	 1.000000	 10.00001	 3.43204	 1.00148	 
1.27729e-08 0.330000	 0.500000	 1.000000	 9.93982	 3.44591	 1.00145	 
1.57202e-05 0.330000	 0.500000	 1.000000	 10.31291	 3.56752	 1.00151	 
3.14032e-06 0.330000	 0.500000	 1.000000	 10.32401	 3.56493	 1.00152	 
1.62503e-05 0.330000	 0.500000	 1.000000	 9.83613	 3.41794	 1.00145	 
3.53222e-06 0.330000	 0.500000	 1.000000	 9.65552	 3.34246	 1.00142	 
1.43148e-07 0.330000	 0.500000	 1.000000	 9.87425	 3.41541	 1.00145	 
1.93275e-06 0.330000	 0.500000	 1.000000	 9.62773	 3.37348	 1.00143	 
2.84368e-06 0.330000	 0.500000	 1.000000	 10.00405	 3.49342	 1.00147	 
7.92917e-07 0.330000	 0.500000	 1.000000	 9.42920	 3.31351	 1.00139	 
1.61884e-05 0.330000	 0.500000	 1.000000	 10.46016	 3.58377	 1.00155	 
1.62479e-05 0.330000	 0.500000	 1.000000	 9.56689	 3.34970	 1.00141	 
2.32407e-05 0.330000	 0.500000	 1.000000	 9.21952	 3.13369	 1.00139	 
6.21547e-06 0.330000	 0.500000	 1.000000	 9.74193	 3.35448	 1.00146	 
3.32440e-07 0.330000	 0.500000	 1.000000	 9.63699	 3.27910	 1.00146	 
1.33755e-07 0.330000	 0.500000	 1.000000	 8.56535	 2.83849	 1.00134	 
4.89638e-05 0.330000	 0.500000	 1.000000	 9.50691	 3.21911	 1.00144	 
3.10264e-06 0.330000	 0.500000	 1.000000	 9.49858	 3.27194	 1.00140	 
6.53894e-08 0.330000	 0.500000	 1.000000	 9.01767	 3.09592	 1.00133	 
4.59487e-07 0.330000	 0.500000	 1.000000	 9.17211	 3.12231	 1.00138	 
5.25673e-07 0.330000	 0.500000	 1.000000	 9.49569	 3.22649	 1.00143	 
1.16446e-05 0.330000	 0.500000	 1.000000	 9.11197	 3.11408	 1.00138	 
2.00947e-08 0.330000	 0.500000	 1.000000	 8.05601	 2.76136	 1.00123	 
3.34825e-06 0.330000	 0.500000	 1.000000	 9.26947	 3.19684	 1.00138	 
9.12239e-05 0.330000	 0.500000	 1.000000	 9.41219	 3.23999	 1.00141	 
1.23341e-06 0.330000	 0.500000	 1.000000	 9.61870	 3.24032	 1.00145	 
6.58440e-07 0.330000	 0.500000	 1.000000	 9.65789	 3.24440	 1.00145	 
2.39606e-07 0.330000	 0.500000	 1.000000	 10.29175	 3.51718	 1.00151	 
7.77541e-06 0.330000	 0.500000	 1.000000	 9.91182	 3.39042	 1.00146	 
9.65350e-08 0.330000	 0.500000	 1.000000	 9.67081	 3.31686	 1.00146	 
3.14064e-06 0.330000	 0.500000	 1.000000	 8.88404	 3.00090	 1.00136	 
3.51040e-07 0.330000	 0.500000	 1.000000	 9.14647	 3.07823	 1.00138	 
8.06724e-06 0.330000	 0.500000	 1.000000	 8.58780	 2.95304	 1.00131	 
6.14980e-06 0.330000	 0.500000	 1.000000	 8.77828	 2.99854	 1.00133	 
1.34465e-06 0.330000	 0.500000	 1.000000	 8.50337	 2.90437	 1.00130	 
2.65719e-08 0.330000	 0.500000	 1.000000	 8.33590	 2.79318	 1.00129	 
9.43340e-07 0.330000	 0.500000	 1.000000	 8.70503	 2.89962	 1.00134	 
1.91874e-05 0.330000	 0.500000	 1.000000	 9.58311	 3.24842	 1.00142	 
1.76442e-06 0.330000	 0.500000	 1.000000	 8.98853	 2.98828	 1.00138	 
2.10117e-05 0.330000	 0.500000	 1.000000	 8.91386	 3.04687	 1.00135	 
3.61331e-08 0.330000	 0.500000	 1.000000	 8.64776	 2.91492	 1.00132	 
7.65729e-07 0.330000	 0.500000	 1.000000	 8.85077	 2.93967	 1.00137	 
9.24823e-07 0.330000	 0.500000	 1.000000	 8.96002	 3.04040	 1.00137	 
1.31131e-07 0.330000	 0.500000	 1.000000	 9.89075	 3.32425	 1.00149	 
3.67483e-06 0.330000	 0.500000	 1.000000	 9.38546	 3.15916	 1.00142	 
1.18962e-06 0.330000	 0.500000	 1.000000	 8.87481	 3.00369	 1.00134	 
3.20757e-06 0.330000	 0.500000	 1.000000	 9.30606	 3.14224	 1.00140	 
8.11658e-08 0.330000	 0.500000	 1.000000	 8.75013	 3.00653	 1.00133	 
7.41946e-07 0.330000	 0.500000	 1.000000	 9.49101	 3.21647	 1.00142	 
9.65193e-06 0.330000	 0.500000	 1.000000	 9.32951	 3.13585	 1.00142	 
9.57845e-08 0.330000	 0.500000	 1.000000	 9.79231	 3.28024	 1.00149	 
2.87304e-07 0.330000	 0.500000	 1.000000	 9.60460	 3.22953	 1.00144	 
4.69580e-08 0.330000	 0.500000	 1.000000	 8.57702	 2.86813	 1.00134	 
1.13094e-05 0.330000	 0.500000	 1.000000	 9.46085	 3.21923	 1.00141	 
1.12348e-06 0.330000	 0.500000	 1.000000	 9.86404	 3.34168	 1.00149	 
4.38084e-06 0.330000	 0.500000	 1.000000	 9.54206	 3.26236	 1.00144	 
3.06981e-05 0.330000	 0.500000	 1.000000	 9.91751	 3.37788	 1.00148	 
5.60052e-06 0.330000	 0.500000	 1.000000	 9.26608	 3.22065	 1.00139	 
4.17203e-06 0.330000	 0.500000	 1.000000	 9.32493	 3.26066	 1.00137	 
1.60397e-05 0.330000	 0.500000	 1.000000	 9.58712	 3.33632	 1.00141	 
2.42227e-05 0.330000	 0.500000	 1.000000	 9.57779	 3.30047	 1.00142	 
6.21794e-07 0.330000	 0.500000	 1.000000	 9.22712	 3.20940	 1.00139	 
1.19949e-05 0.330000	 0.500000	 1.000000	 9.47657	 3.21113	 1.00142	 
7.63894e-06 0.330000	 0.500000	 1.000000	 8.98109	 3.08563	 1.00135	 
1.71746e-05 0.330000	 0.500000	 1.000000	 9.23592	 3.12557	 1.00140	 
1.44124e-06 0.330000	 0.500000	 1.000000	 9.12317	 3.14655	 1.00137	 
4.64644e-06 0.330000	 0.500000	 1.000000	 9.58186	 3.33060	 1.00142	 
1.11371e-05 0.330000	 0.500000	 1.000000	 9.89025	 3.43818	 1.00145	 
3.06178e-05 0.330000	 0.500000	 1.000000	 9.62461	 3.35808	 1.00142	 
5.87458e-06 0.330000	 0.500000	 1.000000	 10.42476	 3.57093	 1.00153	 
7.13761e-07 0.330000	 0.500000	 1.000000	 9.50361	 3.30213	 1.00142	 
1.41876e-05 0.330000	 0.500000	 1.000000	 9.34586	 3.24266	 1.00140	 
1.28068e-07 0.330000	 0.500000	 1.000000	 10.12790	 3.41813	 1.00151	 
5.86042e-07 0.330000	 0.500000	 1.000000	 8.90819	 3.03776	 1.00134	 
9.29027e-06 0.330000	 0.500000	 1.000000	 9.18071	 3.11692	 1.00139	 
1.15964e-06 0.330000	 0.500000	 1.000000	 9.24393	 3.14103	 1.00140	 
2.45427e-06 0.330000	 0.500000	 1.000000	 9.02531	 3.07862	 1.00136	 
3.34188e-07 0.330000	 0.500000	 1.000000	 9.11554	 3.07721	 1.00140	 
2.79836e-07 0.330000	 0.500000	 1.000000	 8.67471	 2.86449	 1.00134	 
5.33674e-07 0.330000	 0.500000	 1.000000	 9.51832	 3.18632	 1.00143	 
1.27033e-06 0.330000	 0.500000	 1.000000	 9.96296	 3.34977	 1.00148	 
5.99829e-06 0.330000	 0.500000	 1.000000	 9.39927	 3.17226	 1.00142	 
2.16978e-05 0.330000	 0.500000	 1.000000	 9.42085	 3.18582	 1.00142	 
1.56165e-06 0.330000	 0.500000	 1.000000	 9.03903	 3.01603	 1.00138	 
6.85551e-10 0.330000	 0.500000	 1.000000	 7.96774	 2.65128	 1.00124	 
1.02664e-07 0.330000	 0.500000	 1.000000	 8.24955	 2.81234	 1.00126	 
1.20405e-07 0.330000	 0.500000	 1.000000	 8.58592	 2.85295	 1.00133	 
3.73157e-06 0.330000	 0.500000	 1.000000	 8.88092	 3.03106	 1.00134	 
3.07698e-05 0.330000	 0.500000	 1.000000	 9.55989	 3.27469	 1.00143	 
1.46576e-05 0.330000	 0.500000	 1.000000	 9.80557	 3.35794	 1.00144	 
1.76065e-07 0.330000	 0.500000	 1.000000	 9.62610	 3.21987	 1.00145	 
7.80781e-06 0.330000	 0.500000	 1.000000	 9.21349	 3.18009	 1.00138	 
9.00742e-08 0.330000	 0.500000	 1.000000	 9.24840	 3.21113	 1.00137	 
7.23045e-06 0.330000	 0.500000	 1.000000	 9.82863	 3.36816	 1.00147	 
1.37236e-06 0.330000	 0.500000	 1.000000	 10.00774	 3.43012	 1.00148	 
3.35618e-07 0.330000	 0.500000	 1.000000	 9.33953	 3.13488	 1.00143	 
3.82959e-06 0.330000	 0.500000	 1.000000	 9.92743	 3.35516	 1.00149	 
1.55308e-07 0.330000	 0.500000	 1.000000	 9.69997	 3.30429	 1.00146	 
1.83660e-07 0.330000	 0.500000	 1.000000	 8.47711	 2.85662	 1.00132	 
1.10110e-05 0.330000	 0.500000	 1.000000	 8.75641	 3.02745	 1.00133	 
1.64387e-05 0.330000	 0.500000	 1.000000	 9.24881	 3.17609	 1.00140	 
1.02504e-06 0.330000	 0.500000	 1.000000	 9.76483	 3.28746	 1.00147	 
2.90677e-07 0.330000	 0.500000	 1.000000	 9.03507	 3.07330	 1.00138	 
5.34634e-07 0.330000	 0.500000	 1.000000	 9.20690	 3.05477	 1.00141	 
2.08994e-06 0.330000	 0.500000	 1.000000	 9.19180	 3.06103	 1.00141	 
2.39203e-06 0.330000	 0.500000	 1.000000	 8.97560	 3.06064	 1.00135	 
9.13532e-08 0.330000	 0.500000	 1.000000	 8.89063	 2.97225	 1.00138	 
3.01902e-06 0.330000	 0.500000	 1.000000	 10.14601	 3.40289	 1.00151	 
1.34344e-05 0.330000	 0.500000	 1.000000	 9.10145	 3.09237	 1.00138	 
1.05045e-07 0.330000	 0.500000	 1.000000	 9.39787	 3.13017	 1.00142	 
1.59123e-07 0.330000	 0.500000	 1.000000	 9.15336	 3.09115	 1.00141	 
4.95661e-07 0.330000	 0.500000	 1.000000	 8.55417	 2.88947	 1.00130	 
7.22328e-07 0.330000	 0.500000	 1.000000	 8.54963	 2.89875	 1.00131	 
2.67652e-05 0.330000	 0.500000	 1.000000	 8.96164	 3.06024	 1.00136	 
3.63899e-06 0.330000	 0.500000	 1.000000	 8.90258	 3.02974	 1.00135	 
2.01131e-07 0.330000	 0.500000	 1.000000	 9.00031	 3.00620	 1.00136	 
3.14733e-08 0.330000	 0.500000	 1.000000	 9.98648	 3.36779	 1.00152	 
1.91224e-06 0.330000	 0.500000	 1.000000	 9.60127	 3.24361	 1.00144	 
3.69324e-07 0.330000	 0.500000	 1.000000	 8.92106	 3.02241	 1.00135	 
1.14033e-05 0.330000	 0.500000	 1.000000	 8.80886	 2.96562	 1.00135	 
1.31633e-05 0.330000	 0.500000	 1.000000	 9.31596	 3.14324	 1.00142	 
2.15997e-06 0.330000	 0.500000	 1.000000	 8.94430	 2.98735	 1.00137	 
5.19080e-07 0.330000	 0.500000	 1.000000	 8.72533	 3.01808	 1.00131	 
1.07956e-07 0.330000	 0.500000	 1.000000	 8.78660	 2.96905	 1.00135	 
5.47839e-06 0.330000	 0.500000	 1.000000	 8.76084	 2.94656	 1.00135	 
1.91986e-08 0.330000	 0.500000	 1.000000	 9.30958	 3.07771	 1.00144	 
2.46149e-09 0.330000	 0.500000	 1.000000	 7.98501	 2.73297	 1.00122	 
3.40667e-08 0.330000	 0.500000	 1.000000	 8.73912	 2.95280	 1.00133	 
5.00872e-07 0.330000	 0.500000	 1.000000	 8.61986	 2.89628	 1.00133	 
2.05287e-06 0.330000	 0.500000	 1.000000	 9.52801	 3.19922	 1.00143	 
4.12646e-08 0.330000	 0.500000	 1.000000	 8.92404	 2.96455	 1.00137	 
1.10965e-05 0.330000	 0.500000	 1.000000	 9.23386	 3.11313	 1.00140	 
3.67296e-06 0.330000	 0.500000	 1.000000	 8.77878	 2.98662	 1.00133	 
1.97091e-07 0.330000	 0.500000	 1.000000	 8.57821	 2.88438	 1.00131	 
4.09959e-08 0.330000	 0.500000	 1.000000	 8.77929	 2.95226	 1.00133	 
1.73573e-05 0.330000	 0.500000	 1.000000	 9.20941	 3.15319	 1.00139	 
2.33284e-06 0.330000	 0.500000	 1.000000	 9.39069	 3.19266	 1.00141	 
6.62733e-07 0.330000	 0.500000	 1.000000	 9.91474	 3.35191	 1.00147	 
5.55278e-06 0.330000	 0.500000	 1.000000	 8.49366	 2.87433	 1.00130	 
8.06999e-06 0.330000	 0.500000	 1.000000	 9.29509	 3.12484	 1.00140	 
1.05458e-07 0.330000	 0.500000	 1.000000	 8.41746	 2.78171	 1.00130	 
3.73300e-06 0.330000	 0.500000	 1.000000	 9.27063	 3.14047	 1.00141	 
9.17846e-06 0.330000	 0.500000	 1.000000	 9.39910	 3.14380	 1.00142	 
9.31291e-06 0.330000	 0.500000	 1.000000	 9.38439	 3.14740	 1.00143	 
9.33810e-06 0.330000	 0.500000	 1.000000	 9.95011	 3.34260	 1.00150	 
1.23153e-07 0.330000	 0.500000	 1.000000	 9.03819	 3.08797	 1.00135	 
4.18956e-06 0.330000	 0.500000	 1.000000	 9.44119	 3.22483	 1.00141	 
5.55291e-07 0.330000	 0.500000	 1.000000	 9.05240	 3.02698	 1.00138	 
1.96482e-06 0.330000	 0.500000	 1.000000	 8.99955	 3.03600	 1.00138	 
9.61758e-06 0.330000	 0.500000	 1.000000	 9.03080	 3.08515	 1.00136	 
1.04845e-05 0.330000	 0.500000	 1.000000	 9.11150	 3.12522	 1.00136	 
2.83129e-06 0.330000	 0.500000	 1.000000	 8.87914	 2.98359	 1.00136	 
5.16504e-08 0.330000	 0.500000	 1.000000	 8.74227	 2.91703	 1.00136	 
3.27711e-07 0.330000	 0.500000	 1.000000	 8.40071	 2.81207	 1.00129	 
3.01859e-06 0.330000	 0.500000	 1.000000	 8.71997	 2.96679	 1.00132	 
1.27207e-06 0.330000	 0.500000	 1.000000	 9.20270	 3.14909	 1.00139	 
3.40808e-07 0.330000	 0.500000	 1.000000	 9.45508	 3.17218	 1.00142	 
2.11113e-07 0.330000	 0.500000	 1.000000	 8.70900	 2.96870	 1.00135	 
2.58781e-06 0.330000	 0.500000	 1.000000	 9.21144	 3.15454	 1.00139	 
2.31899e-07 0.330000	 0.500000	 1.000000	 8.63715	 2.88025	 1.00131	 
3.32576e-06 0.330000	 0.500000	 1.000000	 9.34924	 3.12846	 1.00142	 
9.62151e-06 0.330000	 0.500000	 1.000000	 8.85747	 3.02314	 1.00134	 
4.10412e-07 0.330000	 0.500000	 1.000000	 9.19025	 3.05756	 1.00140	 
2.27980e-07 0.330000	 0.500000	 1.000000	 8.77420	 3.00804	 1.00132	 
2.25171e-06 0.330000	 0.500000	 1.000000	 8.98782	 3.06582	 1.00137	 
2.01552e-06 0.330000	 0.500000	 1.000000	 9.08969	 3.06793	 1.00138	 
1.61757e-05 0.330000	 0.500000	 1.000000	 9.04716	 3.05038	 1.00139	 
6.41530e-06 0.330000	 0.500000	 1.000000	 9.31853	 3.13105	 1.00142	 
1.82284e-07 0.330000	 0.500000	 1.000000	 9.15384	 3.07042	 1.00141	 
1.22743e-06 0.330000	 0.500000	 1.000000	 9.54342	 3.21601	 1.00144	 
2.22313e-05 0.330000	 0.500000	 1.000000	 9.69986	 3.28120	 1.00144	 
5.00970e-09 0.330000	 0.500000	 1.000000	 9.79384	 3.27164	 1.00146	 
3.26155e-06 0.330000	 0.500000	 1.000000	 9.34667	 3.15195	 1.00142	 
1.44900e-06 0.330000	 0.500000	 1.000000	 8.74424	 2.93995	 1.00134	 
1.43907e-06 0.330000	 0.500000	 1.000000	 8.81507	 2.98157	 1.00136	 
4.47992e-06 0.330000	 0.500000	 1.000000	 8.96406	 3.00117	 1.00137	 
1.37091e-06 0.330000	 0.500000	 1.000000	 9.05290	 3.07782	 1.00139	 
3.95209e-07 0.330000	 0.500000	 1.000000	 8.78615	 2.94888	 1.00135	 
1.77806e-05 0.330000	 0.500000	 1.000000	 8.83575	 3.01904	 1.00134	 
4.11253e-06 0.330000	 0.500000	 1.000000	 9.22552	 3.07538	 1.00141	 
2.23289e-06 0.330000	 0.500000	 1.000000	 8.54549	 2.92011	 1.00131	 
1.39183e-06 0.330000	 0.500000	 1.000000	 9.38532	 3.21141	 1.00141	 
3.07220e-06 0.330000	 0.500000	 1.000000	 8.71011	 2.95586	 1.00132	 
9.42373e-07 0.330000	 0.500000	 1.000000	 9.19412	 3.14527	 1.00138	 
6.39458e-06 0.330000	 0.500000	 1.000000	 9.31983	 3.21007	 1.00140	 
3.81812e-06 0.330000	 0.500000	 1.000000	 9.67782	 3.27059	 1.00146	 
3.76994e-06 0.330000	 0.500000	 1.000000	 9.63590	 3.27893	 1.00145	 
2.05795e-06 0.330000	 0.500000	 1.000000	 9.19276	 3.18549	 1.00136	 
5.05432e-06 0.330000	 0.500000	 1.000000	 9.86409	 3.35951	 1.00148	 
4.39952e-06 0.330000	 0.500000	 1.000000	 9.49765	 3.26167	 1.00140	 
2.41502e-05 0.330000	 0.500000	 1.000000	 9.83631	 3.40682	 1.00146	 
3.92348e-06 0.330000	 0.500000	 1.000000	 9.61155	 3.34152	 1.00142	 
9.31708e-07 0.330000	 0.500000	 1.000000	 9.92526	 3.41923	 1.00146	 
2.39751e-05 0.330000	 0.500000	 1.000000	 9.96718	 3.41388	 1.00148	 
7.50583e-06 0.330000	 0.500000	 1.000000	 10.06392	 3.43145	 1.00149	 
2.48273e-05 0.330000	 0.500000	 1.000000	 10.20886	 3.49712	 1.00151	 
2.18013e-05 0.330000	 0.500000	 1.000000	 9.99567	 3.45312	 1.00148	 
5.83098e-07 0.330000	 0.500000	 1.000000	 9.33452	 3.27634	 1.00139	 
7.77729e-07 0.330000	 0.500000	 1.000000	 10.06709	 3.47532	 1.00148	 
1.78308e-05 0.330000	 0.500000	 1.000000	 9.16540	 3.20901	 1.00136	 
3.31752e-05 0.330000	 0.500000	 1.000000	 9.70993	 3.37083	 1.00143	 
2.77269e-05 0.330000	 0.500000	 1.000000	 9.75754	 3.38927	 1.00144	 
6.83156e-07 0.330000	 0.500000	 1.000000	 9.48057	 3.28716	 1.00140	 
3.44853e-05 0.330000	 0.500000	 1.000000	 9.38037	 3.26234	 1.00140	 
1.52630e-05 0.330000	 0.500000	 1.000000	 9.70305	 3.35599	 1.00144	 
7.86475e-06 0.330000	 0.500000	 1.000000	 9.23029	 3.20160	 1.00139	 
1.19274e-05 0.330000	 0.500000	 1.000000	 9.15222	 3.12466	 1.00138	 
1.25638e-06 0.330000	 0.500000	 1.000000	 9.07171	 3.09159	 1.00139	 
6.20022e-06 0.330000	 0.500000	 1.000000	 8.88438	 3.02302	 1.00134	 
3.24981e-07 0.330000	 0.500000	 1.000000	 9.68150	 3.27561	 1.00146	 
1.15034e-05 0.330000	 0.500000	 1.000000	 9.47979	 3.18666	 1.00144	 
6.07735e-06 0.330000	 0.500000	 1.000000	 9.13767	 3.07803	 1.00140	 
3.03465e-09 0.330000	 0.500000	 1.000000	 9.92508	 3.30299	 1.00149	 
1.57832e-05 0.330000	 0.500000	 1.000000	 9.69811	 3.27261	 1.00145	 
1.68623e-06 0.330000	 0.500000	 1.000000	 9.16293	 3.11100	 1.00138	 
1.18767e-05 0.330000	 0.500000	 1.000000	 9.06904	 3.09084	 1.00137	 
1.50357e-06 0.330000	 0.500000	 1.000000	 10.16865	 3.39439	 1.00152	 
5.43556e-07 0.330000	 0.500000	 1.000000	 9.76295	 3.30492	 1.00145	 
2.53038e-06 0.330000	 0.500000	 1.000000	 9.34544	 3.16858	 1.00142	 
1.00905e-06 0.330000	 0.500000	 1.000000	 9.07694	 3.10416	 1.00137	 
3.08790e-08 0.330000	 0.500000	 1.000000	 9.75180	 3.27343	 1.00145	 
2.02033e-06 0.330000	 0.500000	 1.000000	 9.54266	 3.20809	 1.00144	 
9.42206e-09 0.330000	 0.500000	 1.000000	 8.40205	 2.84590	 1.00127	 
8.04559e-07 0.330000	 0.500000	 1.000000	 8.67889	 2.91446	 1.00133	 
1.89987e-06 0.330000	 0.500000	 1.000000	 9.17744	 3.05939	 1.00140	 
5.63441e-06 0.330000	 0.500000	 1.000000	 8.64011	 2.93722	 1.00131	 
8.97528e-07 0.330000	 0.500000	 1.000000	 9.12783	 3.08809	 1.00139	 
5.41019e-07 0.330000	 0.500000	 1.000000	 9.77200	 3.26609	 1.00148	 
3.70049e-05 0.330000	 0.500000	 1.000000	 8.80830	 3.02537	 1.00133	 
1.68798e-06 0.330000	 0.500000	 1.000000	 9.54514	 3.25061	 1.00144	 
4.97959e-05 0.330000	 0.500000	 1.000000	 9.19350	 3.10579	 1.00139	 
5.30621e-06 0.330000	 0.500000	 1.000000	 8.96181	 3.03146	 1.00137	 
2.19263e-06 0.330000	 0.500000	 1.000000	 8.68670	 2.98551	 1.00132	 
1.06413e-05 0.330000	 0.500000	 1.000000	 9.35929	 3.20945	 1.00140	 
1.20859e-05 0.330000	 0.500000	 1.000000	 9.90668	 3.37861	 1.00146	 
4.13546e-07 0.330000	 0.500000	 1.000000	 9.49436	 3.22272	 1.00142	 
1.62285e-05 0.330000	 0.500000	 1.000000	 9.47795	 3.25730	 1.00141	 
8.10480e-06 0.330000	 0.500000	 1.000000	 9.71752	 3.35324	 1.00146	 
3.36539e-06 0.330000	 0.500000	 1.000000	 9.31442	 3.24416	 1.00139	 
6.53774e-06 0.330000	 0.500000	 1.000000	 9.24499	 3.19098	 1.00138	 
1.65946e-07 0.330000	 0.500000	 1.000000	 9.14616	 3.13714	 1.00136	 
8.82712e-07 0.330000	 0.500000	 1.000000	 9.43312	 3.13304	 1.00144	 
7.54555e-07 0.330000	 0.500000	 1.000000	 9.42369	 3.15110	 1.00144	 
3.60547e-05 0.330000	 0.500000	 1.000000	 9.94198	 3.38264	 1.00147	 
3.10088e-06 0.330000	 0.500000	 1.000000	 8.95146	 3.09752	 1.00133	 
1.18086e-06 0.330000	 0.500000	 1.000000	 9.35341	 3.22316	 1.00141	 
1.84240e-07 0.330000	 0.500000	 1.000000	 8.92968	 3.11274	 1.00133	 
8.62105e-05 0.330000	 0.500000	 1.000000	 9.37516	 3.24590	 1.00140	 
2.91571e-07 0.330000	 0.500000	 1.000000	 9.82475	 3.38023	 1.00146	 
3.53905e-06 0.330000	 0.500000	 1.000000	 9.55692	 3.28231	 1.00143	 
5.40676e-06 0.330000	 0.500000	 1.000000	 8.48319	 2.90863	 1.00129	 
4.99503e-06 0.330000	 0.500000	 1.000000	 9.36850	 3.14424	 1.00141	 
5.21920e-07 0.330000	 0.500000	 1.000000	 9.79610	 3.32948	 1.00146	 
1.53929e-06 0.330000	 0.500000	 1.000000	 8.20895	 2.79070	 1.00127	 
2.26663e-07 0.330000	 0.500000	 1.000000	 9.32470	 3.13321	 1.00141	 
8.55906e-07 0.330000	 0.500000	 1.000000	 9.29171	 3.14752	 1.00142	 
6.96156e-07 0.330000	 0.500000	 1.000000	 8.89328	 2.99939	 1.00134	 
1.23203e-05 0.330000	 0.500000	 1.000000	 9.34018	 3.17594	 1.00141	 
7.50129e-05 0.330000	 0.500000	 1.000000	 9.28681	 3.20167	 1.00140	 
3.37385e-06 0.330000	 0.500000	 1.000000	 9.50130	 3.25758	 1.00144	 
4.30294e-06 0.330000	 0.500000	 1.000000	 9.13381	 3.06844	 1.00139	 
1.84010e-05 0.330000	 0.500000	 1.000000	 9.08723	 3.11586	 1.00137	 
6.30891e-07 0.330000	 0.500000	 1.000000	 8.93118	 3.03724	 1.00137	 
5.24441e-06 0.330000	 0.500000	 1.000000	 9.15454	 3.17476	 1.00135	 
6.64010e-06 0.330000	 0.500000	 1.000000	 9.90890	 3.37787	 1.00149	 
2.23409e-07 0.330000	 0.500000	 1.000000	 8.80983	 3.04613	 1.00132	 
4.84555e-06 0.330000	 0.500000	 1.000000	 10.20918	 3.47338	 1.00150	 
4.69639e-06 0.330000	 0.500000	 1.000000	 9.34687	 3.19275	 1.00140	 
1.40272e-08 0.330000	 0.500000	 1.000000	 8.87966	 3.04977	 1.00134	 
1.18860e-07 0.330000	 0.500000	 1.000000	 10.53455	 3.53637	 1.00157	 
1.85426e-05 0.330000	 0.500000	 1.000000	 10.19231	 3.43276	 1.00152	 
8.26746e-07 0.330000	 0.500000	 1.000000	 10.21847	 3.46280	 1.00150	 
1.00588e-07 0.330000	 0.500000	 1.000000	 8.28242	 2.77559	 1.00130	 
6.40881e-06 0.330000	 0.500000	 1.000000	 9.31067	 3.16731	 1.00141	 
5.71872e-06 0.330000	 0.500000	 1.000000	 9.31837	 3.16788	 1.00140	 
1.13193e-05 0.330000	 0.500000	 1.000000	 8.86946	 3.02971	 1.00135	 
4.23431e-06 0.330000	 0.500000	 1.000000	 8.81455	 3.01532	 1.00134	 
5.30047e-05 0.330000	 0.500000	 1.000000	 9.26865	 3.17683	 1.00139	 
3.45556e-06 0.330000	 0.500000	 1.000000	 8.59174	 2.90537	 1.00131	 
9.27827e-05 0.330000	 0.500000	 1.000000	 9.30475	 3.14957	 1.00140	 
3.43217e-05 0.330000	 0.500000	 1.000000	 9.70155	 3.31103	 1.00145	 
3.53251e-06 0.330000	 0.500000	 1.000000	 9.14431	 3.16688	 1.00135	 
1.32579e-05 0.330000	 0.500000	 1.000000	 9.45216	 3.22510	 1.00141	 
2.50467e-06 0.330000	 0.500000	 1.000000	 10.09480	 3.44508	 1.00150	 
1.74309e-06 0.330000	 0.500000	 1.000000	 9.17600	 3.18540	 1.00137	 
6.62960e-05 0.330000	 0.500000	 1.000000	 9.60574	 3.29585	 1.00143	 
6.23902e-05 0.330000	 0.500000	 1.000000	 9.50027	 3.26405	 1.00141	 
1.48953e-06 0.330000	 0.500000	 1.000000	 9.60637	 3.28240	 1.00143	 
1.14698e-06 0.330000	 0.500000	 1.000000	 9.18050	 3.16125	 1.00138	 
1.39128e-06 0.330000	 0.500000	 1.000000	 8.79359	 3.05045	 1.00132	 
5.01491e-06 0.330000	 0.500000	 1.000000	 9.11680	 3.13253	 1.00137	 
1.01736e-07 0.330000	 0.500000	 1.000000	 9.87840	 3.34419	 1.00145	 
8.06208e-07 0.330000	 0.500000	 1.000000	 9.29958	 3.14373	 1.00142	 
6.98466e-06 0.330000	 0.500000	 1.000000	 9.15036	 3.09658	 1.00139	 
5.41955e-06 0.330000	 0.500000	 1.000000	 8.94739	 3.01330	 1.00137	 
2.74749e-07 0.330000	 0.500000	 1.000000	 8.46752	 2.85176	 1.00130	 
8.15719e-07 0.330000	 0.500000	 1.000000	 8.62039	 2.90014	 1.00133	 
7.70946e-06 0.330000	 0.500000	 1.000000	 9.22364	 3.11189	 1.00139	 
1.71232e-06 0.330000	 0.500000	 1.000000	 8.96056	 3.02597	 1.00137	 
1.91949e-06 0.330000	 0.500000	 1.000000	 8.95706	 3.03675	 1.00137	 
2.31782e-07 0.330000	 0.500000	 1.000000	 9.86577	 3.27269	 1.00149	 
2.97203e-06 0.330000	 0.500000	 1.000000	 9.27107	 3.08533	 1.00140	 
1.15684e-08 0.330000	 0.500000	 1.000000	 7.99467	 2.67428	 1.00124	 
4.32299e-06 0.330000	 0.500000	 1.000000	 9.55982	 3.23742	 1.00143	 
3.84064e-07 0.330000	 0.500000	 1.000000	 9.16130	 3.07492	 1.00141	 
5.30599e-06 0.330000	 0.500000	 1.000000	 9.29499	 3.12132	 1.00141	 
4.48440e-07 0.330000	 0.500000	 1.000000	 8.31878	 2.82860	 1.00129	 
1.30200e-07 0.330000	 0.500000	 1.000000	 9.45239	 3.20182	 1.00140	 
5.02002e-06 0.330000	 0.500000	 1.000000	 8.86353	 2.99159	 1.00134	 
7.65767e-06 0.330000	 0.500000	 1.000000	 9.11341	 3.11215	 1.00136	 
7.03141e-06 0.330000	 0.500000	 1.000000	 9.13810	 3.14108	 1.00136	 
4.43781e-06 0.330000	 0.500000	 1.000000	 9.37912	 3.19770	 1.00142	 
2.97456e-07 0.330000	 0.500000	 1.000000	 9.48759	 3.20731	 1.00144	 
4.08980e-07 0.330000	 0.500000	 1.000000	 9.19035	 3.05325	 1.00142	 
9.31243e-06 0.330000	 0.500000	 1.000000	 8.80855	 2.95631	 1.00135	 
8.98512e-07 0.330000	 0.500000	 1.000000	 8.65305	 2.95074	 1.00131	 
3.51005e-06 0.330000	 0.500000	 1.000000	 9.11805	 3.11905	 1.00138	 
8.98964e-06 0.330000	 0.500000	 1.000000	 9.23915	 3.17342	 1.00139	 
3.43730e-07 0.330000	 0.500000	 1.000000	 9.73184	 3.33890	 1.00145	 
8.88736e-08 0.330000	 0.500000	 1.000000	 9.59651	 3.27110	 1.00143	 
3.27255e-07 0.330000	 0.500000	 1.000000	 9.56448	 3.18435	 1.00146	 
1.22969e-07 0.330000	 0.500000	 1.000000	 8.47253	 2.85973	 1.00130	 
4.22114e-07 0.330000	 0.500000	 1.000000	 9.66626	 3.25039	 1.00147	 
7.65187e-07 0.330000	 0.500000	 1.000000	 9.78007	 3.36047	 1.00143	 
6.74103e-06 0.330000	 0.500000	 1.000000	 8.64000	 2.99268	 1.00130	 
7.70520e-08 0.330000	 0.500000	 1.000000	 8.75231	 2.93547	 1.00133	 
1.45664e-05 0.330000	 0.500000	 1.000000	 9.52840	 3.25046	 1.00142	 
1.15101e-06 0.330000	 0.500000	 1.000000	 9.16761	 3.12667	 1.00138	 
7.12221e-07 0.330000	 0.500000	 1.000000	 8.62996	 2.90574	 1.00132	 
1.73933e-07 0.330000	 0.500000	 1.000000	 9.09995	 3.04668	 1.00141	 
1.06073e-06 0.330000	 0.500000	 1.000000	 9.12378	 3.13305	 1.00136	 
1.75205e-06 0.330000	 0.500000	 1.000000	 8.99040	 3.04886	 1.00137	 
2.41067e-06 0.330000	 0.500000	 1.000000	 9.39506	 3.15118	 1.00142	 
1.09149e-05 0.330000	 0.500000	 1.000000	 9.30305	 3.16233	 1.00139	 
2.50851e-06 0.330000	 0.500000	 1.000000	 10.05083	 3.39735	 1.00150	 
8.49406e-07 0.330000	 0.500000	 1.000000	 8.92584	 3.08981	 1.00134	 
4.88460e-06 0.330000	 0.500000	 1.000000	 9.49908	 3.18102	 1.00143	 
4.10356e-06 0.330000	 0.500000	 1.000000	 9.00341	 3.11824	 1.00135	 
3.50118e-06 0.330000	 0.500000	 1.000000	 9.56096	 3.21455	 1.00144	 
2.66128e-06 0.330000	 0.500000	 1.000000	 9.45276	 3.21827	 1.00141	 
6.27508e-08 0.330000	 0.500000	 1.000000	 10.08719	 3.44842	 1.00151	 
3.28268e-08 0.330000	 0.500000	 1.000000	 9.16407	 3.24052	 1.00136	 
3.37385e-07 0.330000	 0.500000	 1.000000	 9.48977	 3.33287	 1.00138	 
1.91378e-07 0.330000	 0.500000	 1.000000	 10.54036	 3.64362	 1.00151	 
3.95826e-05 0.330000	 0.500000	 1.000000	 10.39509	 3.58377	 1.00153	 
4.28080e-06 0.330000	 0.500000	 1.000000	 9.98496	 3.47024	 1.00146	 
1.13534e-06 0.330000	 0.500000	 1.000000	 10.53841	 3.59236	 1.00155	 
1.28338e-05 0.330000	 0.500000	 1.000000	 9.86950	 3.41378	 1.00147	 
5.75695e-07 0.330000	 0.500000	 1.000000	 10.41687	 3.56813	 1.00154	 
9.17778e-07 0.330000	 0.500000	 1.000000	 9.98957	 3.46352	 1.00147	 
1.33967e-06 0.330000	 0.500000	 1.000000	 10.28172	 3.52377	 1.00153	 
4.80291e-07 0.330000	 0.500000	 1.000000	 9.58775	 3.34934	 1.00141	 
1.59919e-06 0.330000	 0.500000	 1.000000	 9.52070	 3.30672	 1.00141	 
4.85980e-06 0.330000	 0.500000	 1.000000	 10.12466	 3.46110	 1.00149	 
1.33170e-07 0.330000	 0.500000	 1.000000	 9.88007	 3.35660	 1.00148	 
5.63634e-05 0.330000	 0.500000	 1.000000	 9.93398	 3.41074	 1.00147	 
1.24422e-05 0.330000	 0.500000	 1.000000	 9.64761	 3.31698	 1.00144	 
3.01546e-06 0.330000	 0.500000	 1.000000	 9.95779	 3.40794	 1.00148	 
1.99952e-06 0.330000	 0.500000	 1.000000	 8.68288	 2.93223	 1.00134	 
7.21350e-07 0.330000	 0.500000	 1.000000	 10.03288	 3.39074	 1.00150	 
4.40553e-06 0.330000	 0.500000	 1.000000	 9.50983	 3.25157	 1.00142	 
8.97650e-07 0.330000	 0.500000	 1.000000	 9.20871	 3.12845	 1.00142	 
8.40295e-06 0.330000	 0.500000	 1.000000	 9.13504	 3.12490	 1.00137	 
1.22025e-06 0.330000	 0.500000	 1.000000	 9.07901	 3.06699	 1.00137	 
4.50176e-06 0.330000	 0.500000	 1.000000	 9.96379	 3.41522	 1.00147	 
1.76257e-05 0.330000	 0.500000	 1.000000	 9.47185	 3.26108	 1.00141	 
1.91287e-05 0.330000	 0.500000	 1.000000	 9.46297	 3.24427	 1.00141	 
6.36271e-06 0.330000	 0.500000	 1.000000	 9.58929	 3.23564	 1.00143	 
2.18849e-05 0.330000	 0.500000	 1.000000	 10.33167	 3.54371	 1.00152	 
2.15751e-07 0.330000	 0.500000	 1.000000	 10.17372	 3.49745	 1.00149	 
3.03426e-07 0.330000	 0.500000	 1.000000	 10.99968	 3.71562	 1.00161	 
1.22335e-05 0.330000	 0.500000	 1.000000	 9.87529	 3.39828	 1.00148	 
9.53997e-07 0.330000	 0.500000	 1.000000	 8.58204	 2.87972	 1.00133	 
2.81585e-06 0.330000	 0.500000	 1.000000	 8.86994	 2.98586	 1.00135	 
3.20423e-07 0.330000	 0.500000	 1.000000	 8.34404	 2.79597	 1.00129	 
4.55801e-06 0.330000	 0.500000	 1.000000	 9.25429	 3.08399	 1.00140	 
2.76857e-06 0.330000	 0.500000	 1.000000	 9.15008	 3.13183	 1.00138	 
1.28970e-05 0.330000	 0.500000	 1.000000	 8.91650	 2.98603	 1.00137	 
1.31882e-06 0.330000	 0.500000	 1.000000	 9.30635	 3.15442	 1.00142	 
1.14568e-07 0.330000	 0.500000	 1.000000	 9.17159	 3.04583	 1.00142	 
1.89010e-06 0.330000	 0.500000	 1.000000	 9.11484	 3.07863	 1.00139	 
1.73244e-06 0.330000	 0.500000	 1.000000	 9.02571	 3.02206	 1.00137	 
2.61896e-05 0.330000	 0.500000	 1.000000	 8.94669	 3.07286	 1.00135	 
7.30594e-06 0.330000	 0.500000	 1.000000	 9.33521	 3.20422	 1.00140	 
3.93719e-07 0.330000	 0.500000	 1.000000	 9.18223	 3.13830	 1.00138	 
4.83688e-07 0.330000	 0.500000	 1.000000	 8.28665	 2.81188	 1.00128	 
1.13526e-06 0.330000	 0.500000	 1.000000	 8.70389	 2.95287	 1.00133	 
1.90746e-06 0.330000	 0.500000	 1.000000	 9.69718	 3.27531	 1.00144	 
1.34996e-06 0.330000	 0.500000	 1.000000	 8.63625	 2.89129	 1.00133	 
1.29656e-05 0.330000	 0.500000	 1.000000	 9.36741	 3.18096	 1.00140	 
3.54140e-07 0.330000	 0.500000	 1.000000	 9.66069	 3.21954	 1.00145	 
3.27082e-06 0.330000	 0.500000	 1.000000	 9.68360	 3.25195	 1.00145	 
4.77977e-06 0.330000	 0.500000	 1.000000	 8.79113	 3.00349	 1.00134	 
2.00584e-06 0.330000	 0.500000	 1.000000	 9.37788	 3.17874	 1.00142	 
1.24593e-06 0.330000	 0.500000	 1.000000	 9.63897	 3.30825	 1.00145	 
4.61791e-05 0.330000	 0.500000	 1.000000	 9.34014	 3.24477	 1.00138	 
1.72524e-05 0.330000	 0.500000	 1.000000	 9.65961	 3.32520	 1.00143	 
1.33245e-06 0.330000	 0.500000	 1.000000	 9.80703	 3.34932	 1.00146	 
1.09848e-06 0.330000	 0.500000	 1.000000	 9.33398	 3.19343	 1.00138	 
3.95210e-06 0.330000	 0.500000	 1.000000	 9.51574	 3.23160	 1.00142	 
7.80860e-07 0.330000	 0.500000	 1.000000	 8.46699	 2.90950	 1.00130	 
6.05179e-07 0.330000	 0.500000	 1.000000	 8.73239	 2.90318	 1.00135	 
1.09617e-07 0.330000	 0.500000	 1.000000	 9.22475	 3.11957	 1.00143	 
5.53100e-05 0.330000	 0.500000	 1.000000	 9.00108	 3.07119	 1.00136	 
6.44367e-06 0.330000	 0.500000	 1.000000	 8.96559	 3.03051	 1.00136	 
3.43677e-08 0.330000	 0.500000	 1.000000	 9.98406	 3.37096	 1.00147	 
9.52293e-06 0.330000	 0.500000	 1.000000	 9.36804	 3.26189	 1.00140	 
4.19838e-06 0.330000	 0.500000	 1.000000	 10.44707	 3.55167	 1.00155	 
7.64897e-06 0.330000	 0.500000	 1.000000	 9.18952	 3.16850	 1.00139	 
5.01104e-05 0.330000	 0.500000	 1.000000	 9.05621	 3.10566	 1.00137	 
4.39451e-06 0.330000	 0.500000	 1.000000	 9.12500	 3.11838	 1.00136	 
7.69396e-06 0.330000	 0.500000	 1.000000	 9.35309	 3.18805	 1.00140	 
1.44827e-06 0.330000	 0.500000	 1.000000	 9.08067	 3.08838	 1.00138	 
4.51617e-06 0.330000	 0.500000	 1.000000	 9.62162	 3.27199	 1.00145	 
1.02170e-06 0.330000	 0.500000	 1.000000	 9.24374	 3.20927	 1.00138	 
8.62149e-08 0.330000	 0.500000	 1.000000	 9.09705	 3.11207	 1.00135	 
8.93245e-07 0.330000	 0.500000	 1.000000	 8.71185	 2.96785	 1.00133	 
4.47730e-06 0.330000	 0.500000	 1.000000	 9.07426	 3.11349	 1.00137	 
3.09028e-06 0.330000	 0.500000	 1.000000	 9.85609	 3.38515	 1.00144	 
2.09350e-06 0.330000	 0.500000	 1.000000	 10.21854	 3.47857	 1.00151	 
3.39038e-05 0.330000	 0.500000	 1.000000	 10.00001	 3.43204	 1.00148	 
1.27729e-08 0.330000	 0.500000	 1.000000	 9.93982	 3.44591	 1.00145	 
1.57202e-05 0.330000	 0.500000	 1.000000	 10.31291	 3.56752	 1.00151	 
3.14032e-06 0.330000	 0.500000	 1.000000	 10.32401	 3.56493	 1.00152	 
1.62503e-05 0.330000	 0.500000	 1.000000	 9.83613	 3.41794	 1.00145	 
3.53222e-06 0.330000	 0.500000	 1.000000	 9.65552	 3.34246	 1.00142	 
1.43148e-07 0.330000	 0.500000	 1.000000	 9.87425	 3.41541	 1.00145	 
1.93275e-06 0.330000	 0.500000	 1.000000	 9.62773	 3.37348	 1.00143	 
2.84368e-06 0.330000	 0.500000	 1.000000	 10.00405	 3.49342	 1.00147	 
7.92917e-07 0.330000	 0.500000	 1.000000	 9.42920	 3.31351	 1.00139	 
1.61884e-05 0.330000	 0.500000	 1.000000	 10.46016	 3.58377	 1.00155	 
1.62479e-05 0.330000	 0.500000	 1.000000	 9.56689	 3.34970	 1.00141	 
2.32407e-05 0.330000	 0.500000	 1.000000	 9.21952	 3.13369	 1.00139	 
6.21547e-06 0.330000	 0.500000	 1.000000	 9.74193	 3.35448	 1.00146	 
3.32440e-07 0.330000	 0.500000	 1.000000	 9.63699	 3.27910	 1.00146	 
1.33755e-07 0.330000	 0.500000	 1.000000	 8.56535	 2.83849	 1.00134	 
4.89638e-05 0.330000	 0.500000	 1.000000	 9.50691	 3.21911	 1.00144	 
3.10264e-06 0.330000	 0.500000	 1.000000	 9.49858	 3.27194	 1.00140	 
6.53894e-08 0.330000	 0.500000	 1.000000	 9.01767	 3.09592	 1.00133	 
4.59487e-07 0.330000	 0.500000	 1.000000	 9.17211	 3.12231	 1.00138	 
5.25673e-07 0.330000	 0.500000	 1.000000	 9.49569	 3.22649	 1.00143	 
1.16446e-05 0.330000	 0.500000	 1.000000	 9.11197	 3.11408	 1.00138	 
2.00947e-08 0.330000	 0.500000	 1.000000	 8.05601	 2.76136	 1.00123	 
3.34825e-06 0.330000	 0.500000	 1.000000	 9.26947	 3.19684	 1.00138	 
9.12239e-05 0.330000	 0.500000	 1.000000	 9.41219	 3.23999	 1.00141	 
1.23341e-06 0.330000	 0.500000	 1.000000	 9.61870	 3.24032	 1.00145	 
6.58440e-07 0.330000	 0.500000	 1.000000	 9.65789	 3.24440	 1.00145	 
2.39606e-07 0.330000	 0.500000	 1.000000	 10.29175	 3.51718	 1.00151	 
7.77541e-06 0.330000	 0.500000	 1.000000	 9.91182	 3.39042	 1.00146	 
9.65350e-08 0.330000	 0.500000	 1.000000	 9.67081	 3.31686	 1.00146	 
3.14064e-06 0.330000	 0.500000	 1.000000	 8.88404	 3.00090	 1.00136	 
3.51040e-07 0.330000	 0.500000	 1.000000	 9.14647	 3.07823	 1.00138	 
8.06724e-06 0.330000	 0.500000	 1.000000	 8.58780	 2.95304	 1.00131	 
6.14980e-06 0.330000	 0.500000	 1.000000	 8.77828	 2.99854	 1.00133	 
1.34465e-06 0.330000	 0.500000	 1.000000	 8.50337	 2.90437	 1.00130	 
2.65719e-08 0.330000	 0.500000	 1.000000	 8.33590	 2.79318	 1.00129	 
9.43340e-07 0.330000	 0.500000	 1.000000	 8.70503	 2.89962	 1.00134	 
1.91874e-05 0.330000	 0.500000	 1.000000	 9.58311	 3.24842	 1.00142	 
1.76442e-06 0.330000	 0.500000	 1.000000	 8.98853	 2.98828	 1.00138	 
2.10117e-05 0.330000	 0.500000	 1.000000	 8.91386	 3.04687	 1.00135	 
3.61331e-08 0.330000	 0.500000	 1.000000	 8.64776	 2.91492	 1.00132	 
7.65729e-07 0.330000	 0.500000	 1.000000	 8.85077	 2.93967	 1.00137	 
5.56306e-06 0.330000	 0.500000	 1.000000	 8.57722	 2.91776	 1.00131	 
3.87302e-06 0.330000	 0.500000	 1.000000	 9.70867	 3.25904	 1.00146	 
1.71002e-05 0.330000	 0.500000	 1.000000	 8.97325	 3.01836	 1.00137	 
5.99605e-08 0.330000	 0.500000	 1.000000	 8.95819	 2.95431	 1.00139	 
2.55382e-05 0.330000	 0.500000	 1.000000	 9.18084	 3.13607	 1.00138	 
4.87944e-06 0.330000	 0.500000	 1.000000	 9.46751	 3.21553	 1.00144	 
4.25488e-05 0.330000	 0.500000	 1.000000	 9.28362	 3.15530	 1.00140	 
5.75538e-07 0.330000	 0.500000	 1.000000	 9.00884	 3.01529	 1.00139	 
7.23193e-08 0.330000	 0.500000	 1.000000	 8.76548	 2.91224	 1.00136	 
1.88971e-06 0.330000	 0.500000	 1.000000	 8.77970	 2.94990	 1.00135	 
2.40094e-06 0.330000	 0.500000	 1.000000	 8.63963	 2.91851	 1.00132	 
6.75892e-06 0.330000	 0.500000	 1.000000	 9.07559	 3.09317	 1.00137	 
1.21889e-05 0.330000	 0.500000	 1.000000	 9.22941	 3.16410	 1.00138	 
3.97014e-06 0.330000	 0.500000	 1.000000	 8.96743	 3.09996	 1.00134	 
9.66914e-07 0.330000	 0.500000	 1.000000	 10.59923	 3.59050	 1.00157	 
3.09777e-06 0.330000	 0.500000	 1.000000	 9.83026	 3.36965	 1.00146	 
4.77285e-06 0.330000	 0.500000	 1.000000	 10.39579	 3.57371	 1.00155	 
4.03267e-08 0.330000	 0.500000	 1.000000	 11.02683	 3.72814	 1.00163	 
1.54508e-05 0.330000	 0.500000	 1.000000	 9.61901	 3.31650	 1.00143	 
3.12516e-05 0.330000	 0.500000	 1.000000	 9.31130	 3.20200	 1.00140	 
1.85563e-06 0.330000	 0.500000	 1.000000	 9.44136	 3.20033	 1.00141	 
7.44572e-06 0.330000	 0.500000	 1.000000	 9.31874	 3.16566	 1.00141	 
3.11862e-07 0.330000	 0.500000	 1.000000	 8.83751	 2.99285	 1.00136	 
5.50589e-08 0.330000	 0.500000	 1.000000	 10.32872	 3.50486	 1.00152	 
1.34202e-06 0.330000	 0.500000	 1.000000	 9.30761	 3.24789	 1.00139	 
2.40851e-06 0.330000	 0.500000	 1.000000	 10.20031	 3.51702	 1.00150	 
1.26761e-06 0.330000	 0.500000	 1.000000	 9.71323	 3.38706	 1.00144	 
4.85191e-05 0.330000	 0.500000	 1.000000	 9.90916	 3.43122	 1.00146	 
6.52895e-06 0.330000	 0.500000	 1.000000	 9.57349	 3.31697	 1.00144	 
8.44840e-07 0.330000	 0.500000	 1.000000	 10.27316	 3.48133	 1.00152	 
7.99096e-06 0.330000	 0.500000	 1.000000	 9.39471	 3.19343	 1.00142	 
2.63933e-07 0.330000	 0.500000	 1.000000	 9.72338	 3.25572	 1.00147	 
4.10722e-07 0.330000	 0.500000	 1.000000	 8.82360	 2.94634	 1.00134	 
5.90924e-07 0.330000	 0.500000	 1.000000	 9.13671	 3.11012	 1.00138	 
7.05271e-07 0.330000	 0.500000	 1.000000	 9.15446	 3.10485	 1.00138	 
7.00518e-06 0.330000	 0.500000	 1.000000	 9.42397	 3.18805	 1.00143	 
2.21270e-07 0.330000	 0.500000	 1.000000	 9.42779	 3.18039	 1.00142	 
2.22648e-05 0.330000	 0.500000	 1.000000	 9.39057	 3.20284	 1.00142	 
1.18166e-06 0.330000	 0.500000	 1.000000	 9.24496	 3.14600	 1.00138	 
2.54521e-06 0.330000	 0.500000	 1.000000	 9.73878	 3.29454	 1.00145	 
1.43107e-06 0.330000	 0.500000	 1.000000	 9.08373	 3.10653	 1.00136	 
2.74073e-07 0.330000	 0.500000	 1.000000	 8.47773	 2.86410	 1.00129	 
8.79716e-07 0.330000	 0.500000	 1.000000	 8.41918	 2.82553	 1.00130	 
1.39239e-06 0.330000	 0.500000	 1.000000	 8.87495	 2.94519	 1.00138	 
1.25660e-06 0.330000	 0.500000	 1.000000	 9.35913	 3.15820	 1.00140	 
5.80973e-07 0.330000	 0.500000	 1.000000	 9.79441	 3.29418	 1.00149	 
6.10176e-07 0.330000	 0.500000	 1.000000	 8.86861	 3.06700	 1.00134	 
2.10765e-06 0.330000	 0.500000	 1.000000	 9.96561	 3.33000	 1.00149	 
1.51409e-06 0.330000	 0.500000	 1.000000	 8.58213	 2.86460	 1.00132	 
1.65259e-07 0.330000	 0.500000	 1.000000	 9.39272	 3.25012	 1.00139	 
3.91611e-06 0.330000	 0.500000	 1.000000	 10.40014	 3.53416	 1.00154	 
3.47921e-08 0.330000	 0.500000	 1.000000	 10.64557	 3.61459	 1.00158	 
6.58312e-05 0.330000	 0.500000	 1.000000	 9.57499	 3.28944	 1.00143	 
1.93584e-07 0.330000	 0.500000	 1.000000	 9.67624	 3.21920	 1.00147	 
1.65747e-05 0.330000	 0.500000	 1.000000	 9.37500	 3.18613	 1.00141	 
1.08902e-05 0.330000	 0.500000	 1.000000	 10.12849	 3.42767	 1.00151	 
2.07590e-06 0.330000	 0.500000	 1.000000	 9.36358	 3.15761	 1.00140	 
5.39875e-08 0.330000	 0.500000	 1.000000	 9.27336	 3.15948	 1.00138	 
6.47864e-07 0.330000	 0.500000	 1.000000	 9.05932	 3.07652	 1.00138	 
1.26094e-07 0.330000	 0.500000	 1.000000	 9.17005	 3.08829	 1.00139	 
5.89033e-07 0.330000	 0.500000	 1.000000	 9.32599	 3.12213	 1.00141	 
2.42260e-06 0.330000	 0.500000	 1.000000	 9.25981	 3.09168	 1.00141	 
4.00969e-07 0.330000	 0.500000	 1.000000	 8.65125	 2.87997	 1.00133	 
1.03944e-05 0.330000	 0.500000	 1.000000	 9.50376	 3.18865	 1.00144	 
2.09705e-07 0.330000	 0.500000	 1.000000	 9.46093	 3.15699	 1.00143	 
9.75911e-07 0.330000	 0.500000	 1.000000	 9.27913	 3.17209	 1.00137	 
3.74374e-06 0.330000	 0.500000	 1.000000	 9.19716	 3.12766	 1.00137	 
1.15844e-05 0.330000	 0.500000	 1.000000	 9.21740	 3.09654	 1.00141	 
2.30780e-07 0.330000	 0.500000	 1.000000	 8.27872	 2.82982	 1.00128	 
2.37555e-06 0.330000	 0.500000	 1.000000	 8.87654	 2.96488	 1.00137	 
4.46427e-07 0.330000	 0.500000	 1.000000	 8.65588	 2.91770	 1.00132	 
5.33339e-06 0.330000	 0.500000	 1.000000	 8.88365	 2.99474	 1.00136	 
3.36199e-05 0.330000	 0.500000	 1.000000	 9.65040	 3.27344	 1.00144	 
9.63070e-08 0.330000	 0.500000	 1.000000	 9.28326	 3.05648	 1.00142	 
4.54258e-06 0.330000	 0.500000	 1.000000	 9.21556	 3.10010	 1.00140	 
4.11684e-07 0.330000	 0.500000	 1.000000	 8.84659	 2.99671	 1.00133	 
7.94907e-07 0.330000	 0.500000	 1.000000	 9.01162	 3.03992	 1.00136	 
2.22811e-06 0.330000	 0.500000	 1.000000	 8.83594	 2.95005	 1.00136	 
2.62185e-06 0.330000	 0.500000	 1.000000	 9.09719	 3.07981	 1.00138	 
4.52479e-08 0.330000	 0.500000	 1.000000	 8.45973	 2.91403	 1.00128	 
8.03163e-06 0.330000	 0.500000	 1.000000	 9.50392	 3.19398	 1.00144	 
2.92325e-08 0.330000	 0.500000	 1.000000	 8.28205	 2.76882	 1.00127	 
7.41489e-07 0.330000	 0.500000	 1.000000	 8.60116	 2.85332	 1.00134	 
5.18087e-07 0.330000	 0.500000	 1.000000	 9.19108	 3.10941	 1.00140	 
2.66712e-06 0.330000	 0.500000	 1.000000	 8.97672	 3.02069	 1.00137	 
1.96135e-07 0.330000	 0.500000	 1.000000	 9.16948	 3.08620	 1.00138	 
1.04747e-05 0.330000	 0.500000	 1.000000	 8.90557	 3.02222	 1.00136	 
1.76805e-06 0.330000	 0.500000	 1.000000	 9.12258	 3.12164	 1.00136	 
2.03556e-07 0.330000	 0.500000	 1.000000	 9.48535	 3.16276	 1.00145	 
1.66662e-07 0.330000	 0.500000	 1.000000	 8.53154	 2.91408	 1.00129	 
2.48939e-06 0.330000	 0.500000	 1.000000	 8.77631	 2.98284	 1.00133	 
1.58378e-07 0.330000	 0.500000	 1.000000	 9.02343	 3.06180	 1.00137	 
1.02692e-09 0.330000	 0.500000	 1.000000	 8.79535	 2.97244	 1.00134	 
7.93854e-07 0.330000	 0.500000	 1.000000	 9.35054	 3.18679	 1.00140	 
5.33804e-08 0.330000	 0.500000	 1.000000	 9.17500	 3.14339	 1.00136	 
2.48123e-07 0.330000	 0.500000	 1.000000	 9.69290	 3.30710	 1.00143	 
1.26433e-08 0.330000	 0.500000	 1.000000	 8.80330	 3.02522	 1.00135	 
6.10819e-07 0.330000	 0.500000	 1.000000	 9.17099	 3.06289	 1.00139	 
6.36258e-08 0.330000	 0.500000	 1.000000	 8.35119	 2.76853	 1.00131	 
3.74694e-07 0.330000	 0.500000	 1.000000	 9.24810	 3.11790	 1.00140	 
6.14134e-06 0.330000	 0.500000	 1.000000	 8.76121	 2.97789	 1.00133	 
2.76032e-08 0.330000	 0.500000	 1.000000	 7.93365	 2.75913	 1.00121	 
3.09366e-06 0.330000	 0.500000	 1.000000	 8.93242	 2.98930	 1.00136	 
7.39313e-07 0.330000	 0.500000	 1.000000	 9.56006	 3.21510	 1.00145	 
7.15902e-07 0.330000	 0.500000	 1.000000	 9.44525	 3.23939	 1.00143	 
1.69063e-06 0.330000	 0.500000	 1.000000	 8.85393	 3.01109	 1.00134	 
3.25363e-06 0.330000	 0.500000	 1.000000	 9.10845	 3.04023	 1.00139	 
2.03134e-07 0.330000	 0.500000	 1.000000	 9.63268	 3.21547	 1.00146	 
5.59796e-07 0.330000	 0.500000	 1.000000	 9.33018	 3.18404	 1.00140	 
3.56657e-08 0.330000	 0.500000	 1.000000	 8.65387	 2.92578	 1.00133	 
9.63635e-08 0.330000	 0.500000	 1.000000	 8.52878	 2.89331	 1.00132	 
5.15206e-06 0.330000	 0.500000	 1.000000	 8.76382	 2.95806	 1.00134	 
1.56317e-06 0.330000	 0.500000	 1.000000	 8.86925	 2.97207	 1.00137	 
1.78045e-05 0.330000	 0.500000	 1.000000	 9.14722	 3.10498	 1.00138	 
1.39630e-07 0.330000	 0.500000	 1.000000	 8.25799	 2.81909	 1.00128	 
6.26496e-06 0.330000	 0.500000	 1.000000	 9.08530	 3.09815	 1.00138	 
1.16726e-05 0.330000	 0.500000	 1.000000	 9.65930	 3.28568	 1.00144	 
1.44435e-05 0.330000	 0.500000	 1.000000	 9.12706	 3.08886	 1.00138	 
3.50515e-08 0.330000	 0.500000	 1.000000	 9.17147	 3.08715	 1.00139	 
8.16194e-07 0.330000	 0.500000	 1.000000	 9.30809	 3.12743	 1.00140	 
6.95442e-07 0.330000	 0.500000	 1.000000	 9.76915	 3.22841	 1.00148	 
1.52189e-07 0.330000	 0.500000	 1.000000	 10.09338	 3.35282	 1.00153	 
3.24619e-09 0.330000	 0.500000	 1.000000	 9.77798	 3.30887	 1.00149	 
9.26554e-08 0.330000	 0.500000	 1.000000	 8.85849	 3.03702	 1.00133	 
1.58104e-07 0.330000	 0.500000	 1.000000	 9.03185	 3.04682	 1.00137	 
7.76465e-07 0.330000	 0.500000	 1.000000	 9.64065	 3.26220	 1.00145	 
5.97863e-08 0.330000	 0.500000	 1.000000	 8.73623	 2.95407	 1.00133	 
4.92704e-06 0.330000	 0.500000	 1.000000	 8.95455	 3.03473	 1.00136	 
1.97234e-06 0.330000	 0.500000	 1.000000	 9.31042	 3.16205	 1.00139	 
2.57209e-06 0.330000	 0.500000	 1.000000	 9.62077	 3.24895	 1.00145	 
3.58646e-07 0.330000	 0.500000	 1.000000	 8.80568	 2.95769	 1.00136	 
4.07933e-07 0.330000	 0.500000	 1.000000	 8.18267	 2.79931	 1.00126	 
4.56160e-06 0.330000	 0.500000	 1.000000	 8.91205	 2.97661	 1.00137	 
2.62618e-07 0.330000	 0.500000	 1.000000	 9.00512	 2.96998	 1.00139	 
2.57457e-06 0.330000	 0.500000	 1.000000	 9.18680	 3.12137	 1.00140	 
3.46495e-07 0.330000	 0.500000	 1.000000	 9.39567	 3.18044	 1.00143	 
1.18434e-06 0.330000	 0.500000	 1.000000	 9.19052	 3.13435	 1.00141	 
1.69675e-06 0.330000	 0.500000	 1.000000	 8.72126	 2.96641	 1.00133	 
6.03550e-08 0.330000	 0.500000	 1.000000	 9.81406	 3.27234	 1.00146	 
4.84260e-07 0.330000	 0.500000	 1.000000	 8.92328	 3.08720	 1.00135	 
1.17581e-06 0.330000	 0.500000	 1.000000	 9.14121	 3.11322	 1.00137	 
7.46830e-06 0.330000	 0.500000	 1.000000	 9.38722	 3.18889	 1.00142	 
6.23526e-06 0.330000	 0.500000	 1.000000	 9.31947	 3.21718	 1.00139	 
5.51884e-06 0.330000	 0.500000	 1.000000	 9.93651	 3.35666	 1.00149	 
3.37491e-06 0.330000	 0.500000	 1.000000	 9.81279	 3.31700	 1.00147	 
1.57683e-04 0.330000	 0.500000	 1.000000	 9.45988	 3.24565	 1.00142	 
4.75367e-08 0.330000	 0.500000	 1.000000	 9.47353	 3.24286	 1.00142	 
6.00620e-06 0.330000	 0.500000	 1.000000	 10.02996	 3.41270	 1.00149	 
2.82619e-06 0.330000	 0.500000	 1.000000	 10.39154	 3.56238	 1.00152	 
9.86463e-06 0.330000	 0.500000	 1.000000	 10.22061	 3.50929	 1.00151	 
8.27701e-07 0.330000	 0.500000	 1.000000	 10.36071	 3.53174	 1.00153	 
1.06662e-07 0.330000	 0.500000	 1.000000	 10.41650	 3.52221	 1.00154	 
9.82945e-06 0.330000	 0.500000	 1.000000	 9.25843	 3.19951	 1.00138	 
2.65896e-05 0.330000	 0.500000	 1.000000	 9.75157	 3.37136	 1.00144	 
1.27016e-06 0.330000	 0.500000	 1.000000	 10.45528	 3.58194	 1.00153	 
2.92805e-05 0.330000	 0.500000	 1.000000	 9.71873	 3.38741	 1.00143	 
2.10899e-06 0.330000	 0.500000	 1.000000	 9.82930	 3.40792	 1.00145	 
2.18153e-05 0.330000	 0.500000	 1.000000	 9.71882	 3.36244	 1.00144	 
1.07766e-05 0.330000	 0.500000	 1.000000	 10.13193	 3.48912	 1.00149	 
4.18592e-05 0.330000	 0.500000	 1.000000	 9.59762	 3.34468	 1.00142	 
1.24358e-06 0.330000	 0.500000	 1.000000	 9.81490	 3.39406	 1.00146	 
2.59144e-07 0.330000	 0.500000	 1.000000	 9.12577	 3.19061	 1.00135	 
7.30703e-06 0.330000	 0.500000	 1.000000	 9.65411	 3.34843	 1.00143	 
6.26602e-06 0.330000	 0.500000	 1.000000	 9.35493	 3.24247	 1.00139	 
4.89606e-05 0.330000	 0.500000	 1.000000	 9.34841	 3.19514	 1.00140	 
3.02912e-06 0.330000	 0.500000	 1.000000	 9.07777	 3.10876	 1.00137	 
8.16360e-07 0.330000	 0.500000	 1.000000	 9.61357	 3.25227	 1.00145	 
3.31355e-07 0.330000	 0.500000	 1.000000	 9.62547	 3.23153	 1.00144	 
1.61797e-06 0.330000	 0.500000	 1.000000	 9.04706	 3.07366	 1.00137	 
3.17546e-07 0.330000	 0.500000	 1.000000	 8.38129	 2.81393	 1.00130	 
4.60853e-06 0.330000	 0.500000	 1.000000	 8.70842	 2.97271	 1.00132	 
1.57116e-06 0.330000	 0.500000	 1.000000	 8.86045	 3.04168	 1.00135	 
4.22192e-06 0.330000	 0.500000	 1.000000	 9.49903	 3.19789	 1.00142	 
6.44040e-07 0.330000	 0.500000	 1.000000	 8.85146	 2.97405	 1.00135	 
1.88282e-06 0.330000	 0.500000	 1.000000	 8.59911	 2.90554	 1.00132	 
1.70920e-10 0.330000	 0.500000	 1.000000	 9.83149	 3.28885	 1.00148	 
7.68827e-07 0.330000	 0.500000	 1.000000	 8.61670	 2.94797	 1.00130	 
9.27581e-06 0.330000	 0.500000	 1.000000	 9.87707	 3.34436	 1.00149	 
2.14049e-05 0.330000	 0.500000	 1.000000	 9.05474	 3.09583	 1.00136	 
5.27356e-06 0.330000	 0.500000	 1.000000	 9.21916	 3.09934	 1.00140	 
1.29610e-07 0.330000	 0.500000	 1.000000	 8.40267	 2.81686	 1.00130	 
6.78055e-08 0.330000	 0.500000	 1.000000	 8.88866	 2.96507	 1.00137	 
2.71453e-06 0.330000	 0.500000	 1.000000	 9.07550	 3.02647	 1.00139	 
7.07087e-07 0.330000	 0.500000	 1.000000	 8.51997	 2.92282	 1.00130	 
3.12516e-07 0.330000	 0.500000	 1.000000	 8.40679	 2.84446	 1.00130	 
1.37188e-08 0.330000	 0.500000	 1.000000	 8.61541	 2.94338	 1.00130	 
6.57859e-06 0.330000	 0.500000	 1.000000	 9.14399	 3.12310	 1.00139	 
1.68606e-07 0.330000	 0.500000	 1.000000	 9.33098	 3.13819	 1.00143	 
3.76397e-06 0.330000	 0.500000	 1.000000	 9.55542	 3.26371	 1.00141	 
6.88700e-06 0.330000	 0.500000	 1.000000	 8.95385	 3.07409	 1.00134	 
3.18114e-06 0.330000	 0.500000	 1.000000	 8.55272	 2.89686	 1.00131	 
3.12906e-06 0.330000	 0.500000	 1.000000	 9.12460	 3.07172	 1.00139	 
1.29146e-05 0.330000	 0.500000	 1.000000	 10.03513	 3.39782	 1.00150	 
2.13030e-06 0.330000	 0.500000	 1.000000	 9.28169	 3.11955	 1.00139	 
2.13086e-05 0.330000	 0.500000	 1.000000	 9.30512	 3.22449	 1.00139	 
2.92947e-05 0.330000	 0.500000	 1.000000	 9.62032	 3.31672	 1.00144	 
5.47316e-05 0.330000	 0.500000	 1.000000	 9.82862	 3.40440	 1.00145	 
3.56060e-08 0.330000	 0.500000	 1.000000	 9.03114	 3.14933	 1.00136	 
4.02367e-06 0.330000	 0.500000	 1.000000	 9.72365	 3.30003	 1.00144	 
1.21716e-06 0.330000	 0.500000	 1.000000	 9.10694	 3.09149	 1.00139	 
1.41604e-06 0.330000	 0.500000	 1.000000	 9.35265	 3.19658	 1.00140	 
2.68360e-06 0.330000	 0.500000	 1.000000	 9.37542	 3.21408	 1.00140	 
1.50210e-05 0.330000	 0.500000	 1.000000	 9.90001	 3.36594	 1.00149	 
2.28383e-06 0.330000	 0.500000	 1.000000	 9.80884	 3.37172	 1.00144	 
1.40417e-04 0.330000	 0.500000	 1.000000	 9.49977	 3.25440	 1.00142	 
5.69437e-06 0.330000	 0.500000	 1.000000	 9.88979	 3.39965	 1.00147	 
1.21609e-04 0.330000	 0.500000	 1.000000	 9.86218	 3.38635	 1.00146	 
3.67393e-06 0.330000	 0.500000	 1.000000	 9.63739	 3.32023	 1.00143	 
1.71819e-05 0.330000	 0.500000	 1.000000	 9.62116	 3.28114	 1.00145	 
6.46636e-07 0.330000	 0.500000	 1.000000	 9.32464	 3.17581	 1.00139	 
2.71440e-05 0.330000	 0.500000	 1.000000	 9.54827	 3.25534	 1.00142	 
8.55485e-05 0.330000	 0.500000	 1.000000	 9.23637	 3.15631	 1.00139	 
4.28495e-07 0.330000	 0.500000	 1.000000	 8.79721	 3.01399	 1.00133	 
1.57196e-07 0.330000	 0.500000	 1.000000	 8.67555	 2.90461	 1.00132	 
2.78232e-07 0.330000	 0.500000	 1.000000	 8.52529	 2.85856	 1.00132	 
1.07584e-06 0.330000	 0.500000	 1.000000	 9.20118	 3.12371	 1.00137	 
1.11048e-05 0.330000	 0.500000	 1.000000	 9.37275	 3.15842	 1.00142	 
9.97711e-07 0.330000	 0.500000	 1.000000	 9.58803	 3.27121	 1.00143	 
4.03338e-07 0.330000	 0.500000	 1.000000	 9.52189	 3.23287	 1.00143	 
2.77926e-05 0.330000	 0.500000	 1.000000	 9.29696	 3.14533	 1.00140	 
4.77431e-06 0.330000	 0.500000	 1.000000	 9.38161	 3.23818	 1.00142	 
1.45748e-06 0.330000	 0.500000	 1.000000	 9.22404	 3.17554	 1.00139	 
4.94262e-08 0.330000	 0.500000	 1.000000	 9.38071	 3.24192	 1.00138	 
2.62130e-05 0.330000	 0.500000	 1.000000	 8.74964	 2.99063	 1.00133	 
2.15694e-06 0.330000	 0.500000	 1.000000	 10.10264	 3.39885	 1.00150	 
2.85359e-05 0.330000	 0.500000	 1.000000	 9.84427	 3.33687	 1.00147	 
4.27220e-06 0.330000	 0.500000	 1.000000	 8.86493	 2.97120	 1.00137	 
1.10734e-05 0.330000	 0.500000	 1.000000	 9.61992	 3.25309	 1.00145	 
5.48342e-05 0.330000	 0.500000	 1.000000	 9.59237	 3.28394	 1.00142	 
8.57325e-07 0.330000	 0.500000	 1.000000	 9.27522	 3.19655	 1.00140	 
5.78114e-05 0.330000	 0.500000	 1.000000	 9.75959	 3.35988	 1.00144	 
1.28109e-06 0.330000	 0.500000	 1.000000	 8.61032	 2.93635	 1.00131	 
9.29577e-06 0.330000	 0.500000	 1.000000	 8.69476	 2.99042	 1.00132	 
3.13006e-06 0.330000	 0.500000	 1.000000	 8.76303	 2.96993	 1.00135	 
3.68830e-06 0.330000	 0.500000	 1.000000	 9.43360	 3.18379	 1.00142	 
3.91447e-06 0.330000	 0.500000	 1.000000	 9.57768	 3.24671	 1.00144	 
5.01812e-07 0.330000	 0.500000	 1.000000	 8.28006	 2.78437	 1.00128	 
1.52626e-06 0.330000	 0.500000	 1.000000	 9.18715	 3.11458	 1.00138	 
2.70394e-06 0.330000	 0.500000	 1.000000	 9.74597	 3.32018	 1.00145	 
2.28004e-05 0.330000	 0.500000	 1.000000	 9.81129	 3.34717	 1.00145	 
2.69661e-06 0.330000	 0.500000	 1.000000	 9.88357	 3.35439	 1.00149	 
1.83233e-07 0.330000	 0.500000	 1.000000	 9.58261	 3.30287	 1.00144	 
4.66210e-07 0.330000	 0.500000	 1.000000	 9.50803	 3.27224	 1.00143	 
5.77843e-07 0.330000	 0.500000	 1.000000	 9.29795	 3.20680	 1.00140	 
7.87265e-06 0.330000	 0.500000	 1.000000	 9.29441	 3.21544	 1.00138	 
9.34355e-06 0.330000	 0.500000	 1.000000	 9.60203	 3.29548	 1.00144	 
1.20194e-06 0.330000	 0.500000	 1.000000	 9.38791	 3.20732	 1.00143	 
2.30305e-07 0.330000	 0.500000	 1.000000	 9.53549	 3.24240	 1.00142	 
2.44782e-04 0.330000	 0.500000	 1.000000	 9.20010	 3.15404	 1.00138	 
1.19529e-06 0.330000	 0.500000	 1.000000	 9.08977	 3.11806	 1.00136	 
1.43763e-05 0.330000	 0.500000	 1.000000	 9.14709	 3.12247	 1.00138	 
1.11446e-05 0.330000	 0.500000	 1.000000	 9.48685	 3.19725	 1.00144	 
3.26260e-06 0.330000	 0.500000	 1.000000	 8.51614	 2.89790	 1.00130	 
2.35061e-06 0.330000	 0.500000	 1.000000	 8.89801	 2.98274	 1.00136	 
1.79962e-08 0.330000	 0.500000	 1.000000	 8.75229	 2.86077	 1.00137	 
2.51322e-07 0.330000	 0.500000	 1.000000	 8.81939	 2.97065	 1.00135	 
1.41856e-06 0.330000	 0.500000	 1.000000	 8.62210	 2.93359	 1.00131	 
3.22799e-06 0.330000	 0.500000	 1.000000	 8.96267	 3.04020	 1.00137	 
7.19442e-07 0.330000	 0.500000	 1.000000	 9.07039	 3.02846	 1.00138	 
2.06025e-07 0.330000	 0.500000	 1.000000	 8.97622	 3.02178	 1.00138	 
2.75078e-07 0.330000	 0.500000	 1.000000	 9.12447	 3.06143	 1.00137	 
6.25789e-06 0.330000	 0.500000	 1.000000	 9.15096	 3.10234	 1.00137	 
4.08647e-07 0.330000	 0.500000	 1.000000	 9.99331	 3.36227	 1.00150	 
5.57102e-06 0.330000	 0.500000	 1.000000	 9.05080	 3.07190	 1.00136	 
1.68086e-06 0.330000	 0.500000	 1.000000	 8.87435	 3.00546	 1.00135	 
1.15739e-06 0.330000	 0.500000	 1.000000	 8.82231	 2.98804	 1.00135	 
5.03215e-06 0.330000	 0.500000	 1.000000	 9.32375	 3.13811	 1.00142	 
1.45250e-06 0.330000	 0.500000	 1.000000	 9.33451	 3.16298	 1.00141	 
6.62450e-07 0.330000	 0.500000	 1.000000	 9.66365	 3.28999	 1.00146	 
7.16637e-07 0.330000	 0.500000	 1.000000	 9.11639	 3.12857	 1.00138	 
1.17301e-06 0.330000	 0.500000	 1.000000	 9.42580	 3.19308	 1.00143	 
1.63486e-09 0.330000	 0.500000	 1.000000	 8.78669	 2.93965	 1.00132	 
6.84281e-09 0.330000	 0.500000	 1.000000	 8.36973	 2.78265	 1.00132	 
9.49508e-10 0.330000	 0.500000	 1.000000	 9.58473	 3.18488	 1.00144	 
1.37274e-06 0.330000	 0.500000	 1.000000	 9.23474	 3.12176	 1.00139	 
4.22663e-06 0.330000	 0.500000	 1.000000	 8.94843	 3.02663	 1.00136	 
7.60112e-06 0.330000	 0.500000	 1.000000	 9.57653	 3.28797	 1.00142	 
1.22677e-06 0.330000	 0.500000	 1.000000	 9.80668	 3.35603	 1.00147	 
9.95847e-08 0.330000	 0.500000	 1.000000	 9.66718	 3.19266	 1.00149	 
2.15322e-06 0.330000	 0.500000	 1.000000	 9.16178	 3.04249	 1.00140	 
1.97029e-07 0.330000	 0.500000	 1.000000	 8.68435	 2.95346	 1.00135	 
6.60690e-06 0.330000	 0.500000	 1.000000	 9.20250	 3.13690	 1.00139	 
1.37619e-06 0.330000	 0.500000	 1.000000	 9.88670	 3.38099	 1.00148	 
5.90486e-07 0.330000	 0.500000	 1.000000	 8.70181	 2.90739	 1.00134	 
6.48454e-07 0.330000	 0.500000	 1.000000	 9.26241	 3.10348	 1.00142	 
3.35677e-08 0.330000	 0.500000	 1.000000	 9.41993	 3.16780	 1.00143	 
1.00493e-05 0.330000	 0.500000	 1.000000	 9.40246	 3.19900	 1.00141	 
3.07371e-06 0.330000	 0.500000	 1.000000	 9.70242	 3.26451	 1.00145	 
2.76667e-07 0.330000	 0.500000	 1.000000	 9.13132	 3.11002	 1.00136	 
1.39468e-06 0.330000	 0.500000	 1.000000	 9.14259	 3.12499	 1.00139	 
4.05084e-07 0.330000	 0.500000	 1.000000	 9.15150	 3.07571	 1.00140	 
2.73102e-05 0.330000	 0.500000	 1.000000	 8.76546	 2.95945	 1.00134	 
2.76256e-06 0.330000	 0.500000	 1.000000	 9.31662	 3.14455	 1.00141	 
3.09179e-07 0.330000	 0.500000	 1.000000	 9.30828	 3.19218	 1.00142	 
4.28397e-06 0.330000	 0.500000	 1.000000	 9.19156	 3.10893	 1.00139	 
8.80211e-08 0.330000	 0.500000	 1.000000	 8.64027	 2.97700	 1.00133	 
3.43235e-07 0.330000	 0.500000	 1.000000	 9.38724	 3.17774	 1.00141	 
1.09875e-07 0.330000	 0.500000	 1.000000	 9.91699	 3.37235	 1.00147	 
7.17097e-06 0.330000	 0.500000	 1.000000	 9.71536	 3.31202	 1.00144	 
1.03199e-05 0.330000	 0.500000	 1.000000	 9.66537	 3.36763	 1.00143	 
2.41630e-06 0.330000	 0.500000	 1.000000	 9.86885	 3.43511	 1.00146	 
8.76394e-06 0.330000	 0.500000	 1.000000	 10.13493	 3.51336	 1.00148	 
2.75247e-06 0.330000	 0.500000	 1.000000	 10.00050	 3.47426	 1.00147	 
2.35039e-07 0.330000	 0.500000	 1.000000	 9.61786	 3.36600	 1.00143	 
1.67408e-07 0.330000	 0.500000	 1.000000	 9.54791	 3.34267	 1.00140	 
1.15999e-06 0.330000	 0.500000	 1.000000	 9.77567	 3.36328	 1.00144	 
1.43887e-06 0.330000	 0.500000	 1.000000	 10.29851	 3.54551	 1.00152	 
3.70891e-07 0.330000	 0.500000	 1.000000	 9.66330	 3.36115	 1.00142	 
5.16040e-06 0.330000	 0.500000	 1.000000	 10.48224	 3.60414	 1.00155	 
9.44339e-07 0.330000	 0.500000	 1.000000	 9.67379	 3.36104	 1.00143	 
3.12966e-06 0.330000	 0.500000	 1.000000	 9.78122	 3.38161	 1.00146	 
4.84465e-06 0.330000	 0.500000	 1.000000	 10.28664	 3.52412	 1.00151	 
1.01724e-05 0.330000	 0.500000	 1.000000	 9.28414	 3.22866	 1.00139	 
7.52424e-07 0.330000	 0.500000	 1.000000	 9.98732	 3.42529	 1.00150	 
3.39679e-06 0.330000	 0.500000	 1.000000	 10.01687	 3.42996	 1.00148	 
2.64758e-07 0.330000	 0.500000	 1.000000	 10.55265	 3.54553	 1.00157	 
2.43972e-07 0.330000	 0.500000	 1.000000	 8.70193	 2.98724	 1.00131	 
1.50392e-07 0.330000	 0.500000	 1.000000	 9.05529	 3.07444	 1.00139	 
1.16405e-05 0.330000	 0.500000	 1.000000	 9.65286	 3.24391	 1.00146	 
3.06069e-07 0.330000	 0.500000	 1.000000	 9.58810	 3.17801	 1.00145	 
9.38680e-07 0.330000	 0.500000	 1.000000	 9.50992	 3.25881	 1.00142	 
1.10273e-06 0.330000	 0.500000	 1.000000	 9.43476	 3.13867	 1.00144	 
4.12340e-05 0.330000	 0.500000	 1.000000	 8.94863	 3.05355	 1.00135	 
5.09276e-05 0.330000	 0.500000	 1.000000	 9.72042	 3.33048	 1.00146	 
1.24595e-05 0.330000	 0.500000	 1.000000	 8.96937	 3.10936	 1.00135	 
3.79884e-06 0.330000	 0.500000	 1.000000	 9.24895	 3.13060	 1.00141	 
1.86176e-06 0.330000	 0.500000	 1.000000	 9.68423	 3.31519	 1.00143	 
3.90622e-05 0.330000	 0.500000	 1.000000	 9.91296	 3.41996	 1.00147	 
1.48511e-06 0.330000	 0.500000	 1.000000	 9.15893	 3.18251	 1.00137	 
1.79794e-06 0.330000	 0.500000	 1.000000	 10.09612	 3.45668	 1.00150	 
9.06878e-06 0.330000	 0.500000	 1.000000	 9.21455	 3.19837	 1.00137	 
