31 31
 0.02128262351 -0.01084098704 0.001918906031 0.0004513031981 0.0009460020787 0.0006148178645 0.0007859297884 0.0006864478153 0.0005811811197 0.0002333927862 0.0008819823771 0.0001336823176 0.000475814668 0.0002954098089 0.0002771949789 0.0002821221512 0.000412442631 0.0002937091247 0.0003378027725 0.0002786722288 0.0002195688523 0.0002979140886 0.000156728658 0.0002353262267 0.0001331212378 0.0001798315737 -2.566521488e-05 -0.0001060615113 -1.695011341e-07 0.0001373848821 0.0001681201823
 -0.01084098704 0.02815552265 -0.002217371818 0.00170209576 7.486146603e-05 0.0003220716126 0.0003803635885 0.0002738690119 0.0004241571288 0.0004875279144 0.0002663471741 0.0003034945028 0.0004063171637 0.0004687077276 0.0004479917529 0.0003987651024 0.0004649715312 0.0004037932371 0.0004559780308 0.0004683083693 0.0004171991948 0.0004443817926 0.0003512821564 0.0003995162856 8.397399255e-05 0.0001676639337 -8.658769414e-05 1.538245899e-05 -2.109859056e-06 7.634223105e-05 0.0002430355158
 0.001918906031 -0.002217371818 0.006162082238 -0.001593344523 0.00146303336 0.0004191015672 0.0007150385817 0.00058056723 0.000664662486 0.0004658829637 0.000613823242 0.0002686411903 0.0005708499879 0.0003761268269 0.0004059716691 0.0003528029707 0.0004560792104 0.0003401676683 0.0004125548289 0.0003552660928 0.0003177869415 0.0003418616829 0.0002428449339 0.0002890698471 0.0001194071786 0.0001524397573 -6.963087549e-05 -3.311905016e-05 -4.473100448e-05 3.762005488e-05 0.0002091125229
 0.0004513031981 0.00170209576 -0.001593344523 0.005235090431 -0.0007222523117 0.0007765703762 0.0005883032969 0.0005918450841 0.0005833864029 0.0004037019841 0.0006513049029 0.0002129682837 0.0005550676912 0.0003530496946 0.000355136321 0.0003232904648 0.0004423391013 0.0003197104132 0.0003724386349 0.0003375320317 0.0002886296855 0.0003436877143 0.0002108867658 0.0002722285936 9.214515521e-05 0.0001674887584 -4.851848431e-05 -2.937482865e-05 -2.111120453e-05 5.075220355e-05 0.0002295949084
 0.0009460020787 7.486146603e-05 0.00146303336 -0.0007222523117 0.007303521584 -0.0005086516034 0.001026116968 0.0005143242599 0.0005963990135 0.0003152278784 0.0006211303852 0.0002477947524 0.0004937294486 0.0003206577972 0.0003757878995 0.0002909704656 0.0003833558545 0.0002866913327 0.0003509441415 0.0003000066789 0.0002695584711 0.0003132374675 0.0001980804272 0.0002515679594 9.987148961e-05 0.0001260090712 1.86754952e-05 4.638900603e-05 1.372408454e-05 1.039219063e-05 0.0002037648228
 0.0006148178645 0.0003220716126 0.0004191015672 0.0007765703762 -0.0005086516034 0.003150025075 -0.000249896409 0.0008000732749 0.0004314312036 0.0003589811113 0.0004144832625 0.0001730455251 0.0005143522497 0.0002318701444 0.0002486954239 0.0002218186049 0.0002930812749 0.0001876613359 0.0002455006063 0.0001980502322 0.0001750454951 0.0002319843897 0.000126245397 0.0002102222854 0.0001036631939 0.0001701501533 5.192315884e-05 6.612338403e-05 -8.062681874e-06 -5.172986116e-05 0.0003080741808
 0.0007859297884 0.0003803635885 0.0007150385817 0.0005883032969 0.001026116968 -0.000249896409 0.003729333552 -8.836046477e-05 0.0007305996524 0.0003219954453 0.0005925384553 0.0001886490276 0.0005466002427 0.0003166409989 0.0003428350603 0.0002908604207 0.0003898707897 0.0002678747428 0.0003411137891 0.0002856275816 0.0002527906457 0.0003019122558 0.0001892209464 0.000242566685 0.0001223862502 0.0001596916223 3.523414776e-05 7.235772616e-05 3.026216911e-05 2.848458158e-05 0.0002552704254
 0.0006864478153 0.0002738690119 0.00058056723 0.0005918450841 0.0005143242599 0.0008000732749 -8.836046477e-05 0.003222145104 -0.0001431117959 0.0005687984992 0.0004214181976 0.000203976988 0.0004917051883 0.0002572787076 0.0002800453777 0.0002407427091 0.0003013406806 0.0002216275716 0.0002755954149 0.0002277508909 0.0002101339627 0.0002490849705 0.0001481555469 0.0002203500782 0.0001238115594 0.0001608769696 4.385075477e-05 6.915180319e-05 2.704120009e-05 7.785395386e-06 0.0002538066841
 0.0005811811197 0.0004241571288 0.000664662486 0.0005833864029 0.0005963990135 0.0004314312036 0.0007305996524 -0.0001431117959 0.003225735974 -0.0005083504582 0.0007740695604 0.0001562848246 0.0005020588303 0.0002736732978 0.0003235174725 0.0002760633525 0.000370226508 0.0002601402718 0.0003165111047 0.0002732544171 0.0002312121649 0.0002735727632 0.0001718265288 0.0002263952499 0.0001116146799 0.0001540100408 -2.957206254e-07 2.991072613e-05 1.995804771e-05 2.389355339e-05 0.0002066076324
 0.0002333927862 0.0004875279144 0.0004658829637 0.0004037019841 0.0003152278784 0.0003589811113 0.0003219954453 0.0005687984992 -0.0005083504582 0.005646481449 -0.001735576028 0.0006912367598 0.0002954546863 0.0003621850331 0.0003160167721 0.0003054957422 0.0003705233803 0.0002809935668 0.0003469890966 0.0003138361757 0.0002766624465 0.0003103914062 0.0002173465172 0.000274740837 0.000131550969 0.0001754637824 3.857861294e-05 0.000118610963 7.853082416e-05 4.836252608e-05 0.0003033582634
 0.0008819823771 0.0002663471741 0.000613823242 0.0006513049029 0.0006211303852 0.0004144832625 0.0005925384553 0.0004214181976 0.0007740695604 -0.001735576028 0.008630658921 -0.001642713408 0.0009441027411 0.0001520091186 0.0002530890092 0.0001845422033 0.0002740394444 0.000202076493 0.0002540171662 0.000233890197 0.0001966555198 0.0002376609495 0.0001567921423 0.0002072275187 2.704311659e-05 0.0001152565521 -3.29352524e-05 7.173710294e-06 -1.543559328e-05 6.002055735e-07 0.0001766671763
 0.0001336823176 0.0003034945028 0.0002686411903 0.0002129682837 0.0002477947524 0.0001730455251 0.0001886490276 0.000203976988 0.0001562848246 0.0006912367598 -0.001642713408 0.003855067397 -0.0007540746924 0.0005027557156 0.0002253970972 0.0002789578377 0.0002949608827 0.0002744254834 0.0002854497996 0.0002531904812 0.0002391077946 0.0002553085897 0.0001739281092 0.0002291122862 0.0001810730852 0.0001775960981 9.313581313e-05 0.0001248470904 0.000132107 0.0001089786602 0.0002273953914
 0.000475814668 0.0004063171637 0.0005708499879 0.0005550676912 0.0004937294486 0.0005143522497 0.0005466002427 0.0004917051883 0.0005020588303 0.0002954546863 0.0009441027411 -0.0007540746924 0.004340087158 -0.000634335766 0.0006606478871 0.0002408367628 0.0004114926355 0.0002560669285 0.0003263855697 0.0002768900075 0.0002356628432 0.0002900907621 0.0001841341666 0.0002561982902 0.0001357945407 0.0002227023225 9.048536991e-05 0.0001527265392 6.72759197e-05 1.739449994e-05 0.0003182633786
 0.0002954098089 0.0004687077276 0.0003761268269 0.0003530496946 0.0003206577972 0.0002318701444 0.0003166409989 0.0002572787076 0.0002736732978 0.0003621850331 0.0001520091186 0.0005027557156 -0.000634335766 0.002986672688 -0.0005146032685 0.0004791721964 0.0003402225176 0.0003636588281 0.000377014632 0.0003628429093 0.0003153053971 0.0003431695371 0.0002659682884 0.0003116685325 0.0001448232781 0.0001989737501 1.732615491e-05 6.280960951e-05 8.687257971e-05 0.000147009245 0.0002268636703
 0.0002771949789 0.0004479917529 0.0004059716691 0.000355136321 0.0003757878995 0.0002486954239 0.0003428350603 0.0002800453777 0.0003235174725 0.0003160167721 0.0002530890092 0.0002253970972 0.0006606478871 -0.0005146032685 0.003592043933 -0.0001342155146 0.0006068215834 0.0003330607737 0.000422898952 0.0003745128439 0.0003335860423 0.0003493464738 0.0002671748689 0.000300630969 0.0001570903204 0.0001845919864 9.604827029e-06 7.131473077e-05 8.519439712e-05 0.0001363220638 0.0002024291568
 0.0002821221512 0.0003987651024 0.0003528029707 0.0003232904648 0.0002909704656 0.0002218186049 0.0002908604207 0.0002407427091 0.0002760633525 0.0003054957422 0.0001845422033 0.0002789578377 0.0002408367628 0.0004791721964 -0.0001342155146 0.001401311491 2.290874791e-05 0.0004312765134 0.0003431359565 0.0003497389774 0.0003026454651 0.0003220939888 0.0002455351099 0.000284339427 0.0001713607103 0.0001869565689 7.017816988e-05 7.009474313e-05 9.366793466e-05 0.0001428442447 0.0002020014867
 0.000412442631 0.0004649715312 0.0004560792104 0.0004423391013 0.0003833558545 0.0002930812749 0.0003898707897 0.0003013406806 0.000370226508 0.0003705233803 0.0002740394444 0.0002949608827 0.0004114926355 0.0003402225176 0.0006068215834 2.290874791e-05 0.001491049754 0.0001417277157 0.0005068854131 0.0003869750172 0.0003569133637 0.0003943899684 0.0002789321748 0.0003066049003 0.0001889554618 0.0002122641755 7.997959894e-05 7.128005254e-05 0.0001069549757 0.000145468434 0.0002407177969
 0.0002937091247 0.0004037932371 0.0003401676683 0.0003197104132 0.0002866913327 0.0001876613359 0.0002678747428 0.0002216275716 0.0002601402718 0.0002809935668 0.000202076493 0.0002744254834 0.0002560669285 0.0003636588281 0.0003330607737 0.0004312765134 0.0001417277157 0.001203298215 0.0002002757779 0.0004354191451 0.0003312771439 0.0003796845162 0.0002813593547 0.000311646241 0.0001848637855 0.0002092736129 4.921494355e-05 5.125287968e-05 0.0001101877267 0.0001975084299 0.0001818328778
 0.0003378027725 0.0004559780308 0.0004125548289 0.0003724386349 0.0003509441415 0.0002455006063 0.0003411137891 0.0002755954149 0.0003165111047 0.0003469890966 0.0002540171662 0.0002854497996 0.0003263855697 0.000377014632 0.000422898952 0.0003431359565 0.0005068854131 0.0002002757779 0.00103299596 0.000258216676 0.0004089270636 0.0003989495701 0.0003059366963 0.0003302128351 0.0001978224607 0.0002235163801 7.867427819e-05 7.931935758e-05 0.0001138862812 0.0001746554038 0.0002255970697
 0.0002786722288 0.0004683083693 0.0003552660928 0.0003375320317 0.0003000066789 0.0001980502322 0.0002856275816 0.0002277508909 0.0002732544171 0.0003138361757 0.000233890197 0.0002531904812 0.0002768900075 0.0003628429093 0.0003745128439 0.0003497389774 0.0003869750172 0.0004354191451 0.000258216676 0.001086469607 0.0002324320269 0.0004534213302 0.0002981741159 0.0003285468731 0.0001203504031 0.0001894653856 -4.845561504e-05 2.220206951e-05 4.224861798e-05 0.0001421242732 0.0002046183366
 0.0002195688523 0.0004171991948 0.0003177869415 0.0002886296855 0.0002695584711 0.0001750454951 0.0002527906457 0.0002101339627 0.0002312121649 0.0002766624465 0.0001966555198 0.0002391077946 0.0002356628432 0.0003153053971 0.0003335860423 0.0003026454651 0.0003569133637 0.0003312771439 0.0004089270636 0.0002324320269 0.001006144079 0.0001514182787 0.0003293604703 0.0002828345196 0.0001690662639 0.0001959054651 5.815879536e-05 8.00926393e-05 9.554353083e-05 0.0001920317757 0.000188342879
 0.0002979140886 0.0004443817926 0.0003418616829 0.0003436877143 0.0003132374675 0.0002319843897 0.0003019122558 0.0002490849705 0.0002735727632 0.0003103914062 0.0002376609495 0.0002553085897 0.0002900907621 0.0003431695371 0.0003493464738 0.0003220939888 0.0003943899684 0.0003796845162 0.0003989495701 0.0004534213302 0.0001514182787 0.001541517134 0.0001244219756 0.0004004161796 0.0001991433383 0.0002619418643 0.0001509363117 0.0001664765776 0.0002027020541 0.000251701072 0.0002519014361
 0.000156728658 0.0003512821564 0.0002428449339 0.0002108867658 0.0001980804272 0.000126245397 0.0001892209464 0.0001481555469 0.0001718265288 0.0002173465172 0.0001567921423 0.0001739281092 0.0001841341666 0.0002659682884 0.0002671748689 0.0002455351099 0.0002789321748 0.0002813593547 0.0003059366963 0.0002981741159 0.0003293604703 0.0001244219756 0.00112733223 7.261461353e-05 0.0002279428901 0.0002227576884 9.305847194e-05 0.0001187412395 9.358302161e-05 0.0001714764395 0.0001610063555
 0.0002353262267 0.0003995162856 0.0002890698471 0.0002722285936 0.0002515679594 0.0002102222854 0.000242566685 0.0002203500782 0.0002263952499 0.000274740837 0.0002072275187 0.0002291122862 0.0002561982902 0.0003116685325 0.000300630969 0.000284339427 0.0003066049003 0.000311646241 0.0003302128351 0.0003285468731 0.0002828345196 0.0004004161796 7.261461353e-05 0.001723964733 -0.0001058968941 0.0004063480645 -3.72886288e-06 0.0001807252823 0.0001902403524 0.0001983666118 0.0002475891375
 0.0001331212378 8.397399255e-05 0.0001194071786 9.214515521e-05 9.987148961e-05 0.0001036631939 0.0001223862502 0.0001238115594 0.0001116146799 0.000131550969 2.704311659e-05 0.0001810730852 0.0001357945407 0.0001448232781 0.0001570903204 0.0001713607103 0.0001889554618 0.0001848637855 0.0001978224607 0.0001203504031 0.0001690662639 0.0001991433383 0.0002279428901 -0.0001058968941 0.0015500974 0.0001443245848 0.000946275681 0.0005027485078 0.0006479405469 0.0004378293135 0.0002156535472
 0.0001798315737 0.0001676639337 0.0001524397573 0.0001674887584 0.0001260090712 0.0001701501533 0.0001596916223 0.0001608769696 0.0001540100408 0.0001754637824 0.0001152565521 0.0001775960981 0.0002227023225 0.0001989737501 0.0001845919864 0.0001869565689 0.0002122641755 0.0002092736129 0.0002235163801 0.0001894653856 0.0001959054651 0.0002619418643 0.0002227576884 0.0004063480645 0.0001443245848 0.001292063468 0.0001872021229 0.0005243691413 0.0003939769466 0.0003878871215 0.0002843004058
 -2.566521488e-05 -8.658769414e-05 -6.963087549e-05 -4.851848431e-05 1.86754952e-05 5.192315884e-05 3.523414776e-05 4.385075477e-05 -2.957206254e-07 3.857861294e-05 -3.29352524e-05 9.313581313e-05 9.048536991e-05 1.732615491e-05 9.604827029e-06 7.017816988e-05 7.997959894e-05 4.921494355e-05 7.867427819e-05 -4.845561504e-05 5.815879536e-05 0.0001509363117 9.305847194e-05 -3.72886288e-06 0.000946275681 0.0001872021229 0.003941057766 0.0005870080727 0.001657203929 0.0006418312991 0.0003465392939
 -0.0001060615113 1.538245899e-05 -3.311905016e-05 -2.937482865e-05 4.638900603e-05 6.612338403e-05 7.235772616e-05 6.915180319e-05 2.991072613e-05 0.000118610963 7.173710294e-06 0.0001248470904 0.0001527265392 6.280960951e-05 7.131473077e-05 7.009474313e-05 7.128005254e-05 5.125287968e-05 7.931935758e-05 2.220206951e-05 8.00926393e-05 0.0001664765776 0.0001187412395 0.0001807252823 0.0005027485078 0.0005243691413 0.0005870080727 0.002980224746 0.0003607204892 0.001124644023 0.0003059193743
 -1.695011341e-07 -2.109859056e-06 -4.473100448e-05 -2.111120453e-05 1.372408454e-05 -8.062681874e-06 3.026216911e-05 2.704120009e-05 1.995804771e-05 7.853082416e-05 -1.543559328e-05 0.000132107 6.72759197e-05 8.687257971e-05 8.519439712e-05 9.366793466e-05 0.0001069549757 0.0001101877267 0.0001138862812 4.224861798e-05 9.554353083e-05 0.0002027020541 9.358302161e-05 0.0001902403524 0.0006479405469 0.0003939769466 0.001657203929 0.0003607204892 0.004465929199 -0.001891724012 0.0007136893482
 0.0001373848821 7.634223105e-05 3.762005488e-05 5.075220355e-05 1.039219063e-05 -5.172986116e-05 2.848458158e-05 7.785395386e-06 2.389355339e-05 4.836252608e-05 6.002055735e-07 0.0001089786602 1.739449994e-05 0.000147009245 0.0001363220638 0.0001428442447 0.000145468434 0.0001975084299 0.0001746554038 0.0001421242732 0.0001920317757 0.000251701072 0.0001714764395 0.0001983666118 0.0004378293135 0.0003878871215 0.0006418312991 0.001124644023 -0.001891724012 0.02390228427 -0.001826203471
 0.0001681201823 0.0002430355158 0.0002091125229 0.0002295949084 0.0002037648228 0.0003080741808 0.0002552704254 0.0002538066841 0.0002066076324 0.0003033582634 0.0001766671763 0.0002273953914 0.0003182633786 0.0002268636703 0.0002024291568 0.0002020014867 0.0002407177969 0.0001818328778 0.0002255970697 0.0002046183366 0.000188342879 0.0002519014361 0.0001610063555 0.0002475891375 0.0002156535472 0.0002843004058 0.0003465392939 0.0003059193743 0.0007136893482 -0.001826203471 0.01916901882
