# z:
# mu:
#end
0.010000000 32.953886976
0.011761556 33.879003466
0.013833420 33.842140740
0.016270254 34.118567043
0.019136350 34.593445983
0.022507326 34.939026526
0.026472117 35.252096326
0.031135328 35.748501654
0.036619990 36.069787607
0.043070807 36.434570474
0.050657970 36.651110594
0.059581655 37.158014113
0.070077297 37.430173252
0.082421805 37.956616349
0.096940867 38.253254041
0.114017543 38.612869337
0.134102370 39.067850706
0.157725253 39.341401904
0.185509439 39.792143616
0.218187964 40.156534603
0.256622994 40.564956058
0.301828570 40.905287782
0.354997361 41.421417436
0.417532132 41.790923457
0.491082753 42.231461067
0.577589727 42.617047071
0.679335388 43.052731485
0.799004117 43.504150828
0.939753162 43.972573409
1.105295938 44.514087579
1.300000000 44.821867462
