0.35 0.44 0.05 0.25
0.77 0.49 0.18 0.25
0.17 0.51 0.06 0.3
0.02 0.314 0.048 0.266
0.02 0.398 0.065 0.3
0.25 0.3512 0.0583 0.25
0.37 0.4602 0.0378 0.25
0.25 0.3665 0.0601 0.25
0.37 0.4031 0.0586 0.25
0.44 0.413 0.08 0.27
0.6 0.39 0.063 0.27
0.73 0.437 0.072 0.27
0.067 0.423 0.055 0.27
0.3 0.407 0.055 0.25
0.4 0.419 0.041 0.25
0.5 0.427 0.043 0.25
0.6 0.433 0.067 0.25
0.8 0.47 0.08 0.25
0.35 0.429 0.089 0.25
0.18 0.36 0.09 0.27
0.38 0.44 0.06 0.27
0.32 0.384 0.095 0.274
0.32 0.48 0.1 0.274
0.57 0.417 0.045 0.274
0.15 0.49 0.145 0.31
0.1 0.37 0.13 0.3
1.4 0.482 0.116 0.27
0.59 0.488 0.06 0.307115
0.38 0.497 0.045 0.31
0.51 0.458 0.038 0.31
0.61 0.436 0.034 0.31
0.38 0.477 0.051 0.31
0.51 0.453 0.05 0.31
0.61 0.41 0.044 0.31
0.76 0.44 0.04 0.308
1.05 0.28 0.08 0.308
0.32 0.427 0.056 0.31
0.57 0.426 0.029 0.31
0.727 0.296 0.0765 0.31
0.02 0.428 0.0465 0.3
0.6 0.48 0.12 0.3
0.86 0.48 0.1 0.3
0.6 0.55 0.12 0.3
0.86 0.4 0.11 0.3
0.1 0.48 0.16 0.25
0.001 0.505 0.085 0.31
0.85 0.45 0.11 0.3
0.31 0.469 0.098 0.307
0.36 0.474 0.097 0.307
0.4 0.473 0.086 0.307
0.44 0.481 0.076 0.307
0.48 0.482 0.067 0.307
0.52 0.488 0.065 0.307
0.56 0.482 0.067 0.307
0.59 0.481 0.066 0.307
0.64 0.486 0.07 0.307
0.1 0.376 0.038 0.282
1.52 0.42 0.076 0.26479
1.52 0.396 0.079 0.31
0.978 0.379 0.176 0.31
1.23 0.385 0.099 0.31
1.526 0.342 0.07 0.31
1.944 0.364 0.106 0.31