#name zcmb zhel dz mb dmb x1 dx1 color dcolor 3rdvar d3rdvar cov_m_s cov_m_c cov_s_c set ra dec biascor
bin00 0.050000 0.050000 0.0 36.630361 0.0 0 0 0 0 0 0 0 0 0 0 0 0
bin01 0.100000 0.100000 0.0 38.235499 0.0 0 0 0 0 0 0 0 0 0 0 0 0
bin02 0.150000 0.150000 0.0 39.147691 0.0 0 0 0 0 0 0 0 0 0 0 0 0
bin03 0.200000 0.200000 0.0 39.834880 0.0 0 0 0 0 0 0 0 0 0 0 0 0
bin04 0.250000 0.250000 0.0 40.340319 0.0 0 0 0 0 0 0 0 0 0 0 0 0
bin05 0.300000 0.300000 0.0 40.813875 0.0 0 0 0 0 0 0 0 0 0 0 0 0
bin06 0.350000 0.350000 0.0 41.202487 0.0 0 0 0 0 0 0 0 0 0 0 0 0
bin07 0.400000 0.400000 0.0 41.568946 0.0 0 0 0 0 0 0 0 0 0 0 0 0
bin08 0.450000 0.450000 0.0 41.822650 0.0 0 0 0 0 0 0 0 0 0 0 0 0
bin09 0.500000 0.500000 0.0 42.136311 0.0 0 0 0 0 0 0 0 0 0 0 0 0
bin10 0.550000 0.550000 0.0 42.352181 0.0 0 0 0 0 0 0 0 0 0 0 0 0
bin11 0.600000 0.600000 0.0 42.599505 0.0 0 0 0 0 0 0 0 0 0 0 0 0
bin12 0.650000 0.650000 0.0 42.793121 0.0 0 0 0 0 0 0 0 0 0 0 0 0
bin13 0.700000 0.700000 0.0 42.945322 0.0 0 0 0 0 0 0 0 0 0 0 0 0
bin14 0.750000 0.750000 0.0 43.125351 0.0 0 0 0 0 0 0 0 0 0 0 0 0
bin15 0.800000 0.800000 0.0 43.319655 0.0 0 0 0 0 0 0 0 0 0 0 0 0
bin16 0.898138 0.898138 0.0 43.647594 0.0 0 0 0 0 0 0 0 0 0 0 0 0
bin17 0.996276 0.996276 0.0 44.011256 0.0 0 0 0 0 0 0 0 0 0 0 0 0
bin18 1.094415 1.094415 0.0 44.191092 0.0 0 0 0 0 0 0 0 0 0 0 0 0
bin19 1.232244 1.232244 0.0 44.577985 0.0 0 0 0 0 0 0 0 0 0 0 0 0
bin20 1.390961 1.390961 0.0 44.842358 0.0 0 0 0 0 0 0 0 0 0 0 0 0
bin21 2.262260 2.262260 0.0 45.997159 0.0 0 0 0 0 0 0 0 0 0 0 0 0
