22
0.0086044441289678
0.0078396482652654
0.0082391048917593
0.0080899883548485
0.0081530709142373
0.0081186645816988
0.0081251748928354
0.0081210315995143
0.0081267808996168
0.0081287036925164
0.0081249178210204
0.0081366273601119
0.0081203058922323
0.0081358080891656
0.0081309493848833
0.0081343046996535
0.0081229330586994
0.0081192861509993
0.0080915574768864
0.0081518786847472
0.0081478172433169
0.0081694602653604
0.0078396482652654
0.0078677171464061
0.0079166027957572
0.0078427608736767
0.0078789468316173
0.0078639699253279
0.0078647765160952
0.0078617405549727
0.0078703571689558
0.0078772036049490
0.0078801002121820
0.0078877373607000
0.0078783321634044
0.0078870788851310
0.0078876691105960
0.0078925558042367
0.0078870572369125
0.0078763589282412
0.0078564592585923
0.0078962401331281
0.0078977661355153
0.0079259035837065
0.0082391048917593
0.0079166027957572
0.0085238603050581
0.0081874872907924
0.0082909617018372
0.0082450769675343
0.0082660446061114
0.0082552082755021
0.0082741701979012
0.0082756755521972
0.0082816218364050
0.0082831192581314
0.0082729756855640
0.0082806410249325
0.0082847309564167
0.0082941944349099
0.0082817182134457
0.0082742039228568
0.0082445326322531
0.0082955701006895
0.0083049714082484
0.0083187607600515
0.0080899883548485
0.0078427608736767
0.0081874872907924
0.0082393232531805
0.0081446010440319
0.0081539677273584
0.0081416821009628
0.0081491554644178
0.0081536642480485
0.0081607557916367
0.0081609075706925
0.0081813687010338
0.0081695860653839
0.0081810234060735
0.0081849414602521
0.0081891481886994
0.0081794363095145
0.0081629706991837
0.0081495595848845
0.0081846096888059
0.0081839718190187
0.0082465105025399
0.0081530709142373
0.0078789468316173
0.0082909617018372
0.0081446010440319
0.0083979945492118
0.0082108414958607
0.0082558328062035
0.0082275269289888
0.0082552579117004
0.0082529506734364
0.0082622417977008
0.0082841748998397
0.0082768492300386
0.0082909866205716
0.0082934157759402
0.0083026493687618
0.0082866466666716
0.0082633158226591
0.0082489124831872
0.0082892137411279
0.0082913130463079
0.0083674622527382
0.0081186645816988
0.0078639699253279
0.0082450769675343
0.0081539677273584
0.0082108414958607
0.0083795786169751
0.0081950760682254
0.0082459230095160
0.0082255248426906
0.0082454910493346
0.0082397913323137
0.0082684900920544
0.0082563047966862
0.0082737807513206
0.0082769484379450
0.0082873732108159
0.0082757023258920
0.0082506110038093
0.0082349578328680
0.0082724834268151
0.0082745607401574
0.0083572818793255
0.0081251748928354
0.0078647765160952
0.0082660446061114
0.0081416821009628
0.0082558328062035
0.0081950760682254
0.0084498106332017
0.0082242351967737
0.0082821211680664
0.0082630946497756
0.0082855628137330
0.0083006135530620
0.0082923849357069
0.0083043497939561
0.0083127100266578
0.0083186368839211
0.0083048299768973
0.0082737468770536
0.0082590531194481
0.0083020275641713
0.0083140198075266
0.0083816584399487
0.0081210315995143
0.0078617405549727
0.0082552082755021
0.0081491554644179
0.0082275269289888
0.0082459230095160
0.0082242351967737
0.0085916494659646
0.0081941995290199
0.0083030666297377
0.0082644366547105
0.0083101283807719
0.0082784454937998
0.0083062957571403
0.0083062596589660
0.0083166407609491
0.0083113135702568
0.0082829472700288
0.0082574984024062
0.0082929558622651
0.0083015102399667
0.0083882522078527
0.0081267808996168
0.0078703571689558
0.0082741701979013
0.0081536642480485
0.0082552579117004
0.0082255248426906
0.0082821211680664
0.0081941995290199
0.0087093339849131
0.0082740043138359
0.0083580465368321
0.0083196216429759
0.0083427457958246
0.0083344129144718
0.0083506396330441
0.0083551128815017
0.0084031373644883
0.0083578731328991
0.0083369138105443
0.0083745266810903
0.0083767253833007
0.0084692555244430
0.0081287036925164
0.0078772036049490
0.0082756755521972
0.0081607557916367
0.0082529506734364
0.0082454910493346
0.0082630946497756
0.0083030666297377
0.0082740043138359
0.0087612692982528
0.0082714800110685
0.0084111473888259
0.0083371590844627
0.0083711874611552
0.0083761971537373
0.0083898833644669
0.0084655482034467
0.0083821056274234
0.0083473273134962
0.0083923083063893
0.0083941654890604
0.0084994606094645
0.0081249178210204
0.0078801002121820
0.0082816218364050
0.0081609075706925
0.0082622417977008
0.0082397913323137
0.0082855628137330
0.0082644366547105
0.0083580465368321
0.0082714800110685
0.0088999734741513
0.0083006445963153
0.0084636451930197
0.0083745985693856
0.0084201964394371
0.0084163794523823
0.0084611537436159
0.0083859803822859
0.0083477265648226
0.0084052423904691
0.0084154640040475
0.0084781207359103
0.0081366273601119
0.0078877373607000
0.0082831192581314
0.0081813687010338
0.0082841748998397
0.0082684900920544
0.0083006135530620
0.0083101283807719
0.0083196216429759
0.0084111473888259
0.0083006445963153
0.0090432458150839
0.0083057716920715
0.0085239185032925
0.0084732982716168
0.0084863161506627
0.0085272665353372
0.0084168284228158
0.0083887480794724
0.0084455034716603
0.0084399438407949
0.0085515623389238
0.0081203058922323
0.0078783321634044
0.0082729756855640
0.0081695860653839
0.0082768492300386
0.0082563047966862
0.0082923849357069
0.0082784454937998
0.0083427457958246
0.0083371590844627
0.0084636451930197
0.0083057716920715
0.0093150252335110
0.0085033441653393
0.0085978674758496
0.0085360200009473
0.0085939589824476
0.0084454854251993
0.0084416390664268
0.0084663042136423
0.0084685330731933
0.0086148025377743
0.0081358080891656
0.0078870788851310
0.0082806410249325
0.0081810234060735
0.0082909866205716
0.0082737807513206
0.0083043497939561
0.0083062957571403
0.0083344129144718
0.0083711874611552
0.0083745985693856
0.0085239185032925
0.0085033441653393
0.0095680800503793
0.0085589849382330
0.0086371163088150
0.0085800673639901
0.0085026647567597
0.0084286400038471
0.0084819958446567
0.0084873397750943
0.0086624771943134
0.0081309493848833
0.0078876691105960
0.0082847309564167
0.0081849414602521
0.0082934157759403
0.0082769484379450
0.0083127100266578
0.0083062596589660
0.0083506396330441
0.0083761971537374
0.0084201964394371
0.0084732982716168
0.0085978674758496
0.0085589849382330
0.0095078666143702
0.0087131882772911
0.0088150532825891
0.0084586905636428
0.0085109427995852
0.0085009022611273
0.0084932715728026
0.0086642943231345
0.0081343046996535
0.0078925558042367
0.0082941944349099
0.0081891481886994
0.0083026493687618
0.0082873732108159
0.0083186368839211
0.0083166407609491
0.0083551128815017
0.0083898833644669
0.0084163794523823
0.0084863161506627
0.0085360200009473
0.0086371163088150
0.0087131882772911
0.0096321138228851
0.0082268900104900
0.0087821207798223
0.0083376252588384
0.0085759595778971
0.0086215266776259
0.0087858581582676
0.0081229330586994
0.0078870572369125
0.0082817182134457
0.0081794363095145
0.0082866466666716
0.0082757023258920
0.0083048299768973
0.0083113135702568
0.0084031373644883
0.0084655482034467
0.0084611537436159
0.0085272665353372
0.0085939589824476
0.0085800673639901
0.0088150532825891
0.0082268900104900
0.0109719061842404
0.0085486872660833
0.0090286756270157
0.0086958172416014
0.0086154764671395
0.0086780722198163
0.0081192861509993
0.0078763589282412
0.0082742039228568
0.0081629706991837
0.0082633158226591
0.0082506110038093
0.0082737468770536
0.0082829472700288
0.0083578731328991
0.0083821056274234
0.0083859803822859
0.0084168284228158
0.0084454854251993
0.0085026647567597
0.0084586905636428
0.0087821207798223
0.0085486872660833
0.0110379772007476
0.0087702878564054
0.0089566543425134
0.0089112484479994
0.0091401684734902
0.0080915574768864
0.0078564592585923
0.0082445326322531
0.0081495595848845
0.0082489124831872
0.0082349578328680
0.0082590531194481
0.0082574984024062
0.0083369138105443
0.0083473273134962
0.0083477265648226
0.0083887480794724
0.0084416390664268
0.0084286400038471
0.0085109427995852
0.0083376252588384
0.0090286756270157
0.0087702878564054
0.0150684502658138
0.0096566676427876
0.0085832653723957
0.0086805798881523
0.0081518786847472
0.0078962401331281
0.0082955701006895
0.0081846096888059
0.0082892137411279
0.0082724834268151
0.0083020275641713
0.0082929558622651
0.0083745266810903
0.0083923083063893
0.0084052423904691
0.0084455034716603
0.0084663042136423
0.0084819958446567
0.0085009022611273
0.0085759595778971
0.0086958172416014
0.0089566543425135
0.0096566676427876
0.0138741826905157
0.0113913357003865
0.0131223961768160
0.0081478172433169
0.0078977661355153
0.0083049714082484
0.0081839718190187
0.0082913130463079
0.0082745607401574
0.0083140198075266
0.0083015102399667
0.0083767253833007
0.0083941654890604
0.0084154640040475
0.0084399438407949
0.0084685330731933
0.0084873397750943
0.0084932715728026
0.0086215266776259
0.0086154764671395
0.0089112484479994
0.0085832653723957
0.0113913357003865
0.0125266723289066
0.0047193323690196
0.0081694602653604
0.0079259035837065
0.0083187607600515
0.0082465105025399
0.0083674622527383
0.0083572818793255
0.0083816584399487
0.0083882522078527
0.0084692555244430
0.0084994606094645
0.0084781207359103
0.0085515623389238
0.0086148025377743
0.0086624771943134
0.0086642943231345
0.0087858581582676
0.0086780722198163
0.0091401684734902
0.0086805798881524
0.0131223961768161
0.0047193323690196
0.1155183083764143
