# r vrotvdisp verr vapp vrec  err   pa incl  vsys
#
4.0  1.980  5.330  1.600  12.870  -4.820  6.926  125.800  61.500  132.800
8.0  15.780  6.320  1.160  25.770  8.240  7.691  125.900  61.500  132.800
12.0  22.300  4.100  0.620  26.630  18.430  4.584  125.900  61.500  132.800
16.0  32.160  3.900  0.500  37.040  27.730  4.542  125.900  61.500  132.800
20.0  39.670  4.060  0.460  43.240  36.120  4.433  125.900  61.500  132.800
24.0  46.240  4.310  0.450  50.860  41.600  4.892  125.900  61.500  132.800
28.0  53.310  4.660  0.450  59.190  48.080  5.425  125.900  61.500  132.800
32.0  59.930  4.540  0.420  65.400  54.840  5.252  125.900  61.500  132.800
36.0  63.970  4.240  0.360  68.230  60.090  4.703  125.900  61.500  132.800
40.0  67.310  4.520  0.360  70.760  63.920  4.833  125.900  61.500  132.800
44.0  71.340  5.110  0.390  73.410  69.200  5.217  125.900  61.500  132.800
48.0  75.570  5.640  0.420  78.700  72.720  5.835  125.900  61.500  132.800
52.0  77.880  5.080  0.360  80.260  75.550  5.215  125.900  61.500  132.800
56.0  78.480  4.680  0.320  80.380  76.720  4.769  125.900  61.500  132.800
60.0  79.110  4.400  0.290  80.760  77.530  4.473  125.900  61.500  132.800
64.0  79.940  4.390  0.280  81.760  78.220  4.478  125.900  61.500  132.800
68.0  78.370  4.270  0.270  78.890  77.920  4.277  125.600  61.500  132.800
72.0  78.170  5.250  0.320  76.520  79.730  5.311  125.400  61.500  132.800
76.0  80.290  5.450  0.320  77.680  83.040  5.612  125.200  61.500  132.800
80.0  81.050  4.510  0.270  80.200  81.990  4.532  125.000  61.500  132.800
84.0  82.240  4.220  0.240  81.280  83.260  4.249  124.800  61.500  132.800
88.0  84.090  4.030  0.220  83.490  84.710  4.042  124.600  61.500  132.800
92.0  84.330  4.730  0.250  85.140  83.570  4.746  124.300  61.500  132.800
96.0  85.520  5.370  0.280  88.140  82.760  5.536  124.100  61.500  132.800
100.0  87.430  5.740  0.290  91.490  83.710  6.061  123.900  61.500  132.800
104.0  89.900  5.930  0.300  94.280  85.740  6.303  123.700  61.500  132.800
108.0  91.760  6.090  0.300  96.750  87.110  6.550  123.500  61.500  132.800
112.0  93.150  6.030  0.290  97.760  88.820  6.431  123.300  61.500  132.800
116.0  93.870  5.830  0.280  98.220  89.830  6.196  123.100  61.500  132.800
120.0  94.410  5.400  0.260  97.660  91.110  5.643  122.800  61.500  132.800
124.0  95.310  5.570  0.260  98.930  91.870  5.843  122.600  61.500  132.800
128.0  96.720  5.620  0.260  100.940  92.680  5.987  122.400  61.500  132.800
132.0  98.010  5.340  0.240  102.120  93.920  5.720  122.200  61.500  132.800
136.0  97.780  5.670  0.260  102.530  93.270  6.124  122.000  61.500  132.800
140.0  98.340  5.680  0.250  102.840  94.080  6.088  121.800  61.500  132.800
144.0  96.170  5.830  0.260  98.730  94.030  5.947  121.500  61.500  132.800
148.0  96.390  6.110  0.270  98.210  94.820  6.168  121.300  61.500  132.800
152.0  98.410  5.680  0.240  99.770  97.090  5.719  121.100  61.500  132.800
156.0  98.950  5.650  0.230  98.920  98.990  5.650  120.900  61.500  132.800
160.0  97.960  5.940  0.240  97.380  98.560  5.947  120.700  61.500  132.800
164.0  98.020  5.480  0.220  96.440  99.540  5.535  120.500  61.500  132.800
168.0  97.810  5.400  0.210  96.520  99.020  5.436  120.200  61.500  132.800
172.0  98.590  4.960  0.190  97.680  99.470  4.980  120.000  61.500  132.800
176.0  99.980  4.960  0.190  99.340  100.590  4.970  119.800  61.500  132.800
180.0  99.950  5.130  0.200  100.290  99.600  5.133  119.600  61.500  132.800
184.0  100.050  4.670  0.180  100.830  99.210  4.688  119.400  61.500  132.800
188.0  100.470  4.200  0.170  101.180  99.750  4.215  119.200  61.500  132.800
192.0  101.510  3.950  0.160  100.510  102.460  3.980  118.900  61.500  132.800
196.0  102.310  4.190  0.160  99.280  105.290  4.451  118.700  61.500  132.800
200.0  103.360  4.200  0.160  100.720  105.810  4.389  118.500  61.500  132.800
204.0  104.140  4.100  0.150  101.790  106.270  4.250  118.300  61.510  132.800
208.0  104.800  3.990  0.140  102.390  106.970  4.151  118.200  61.520  132.800
212.0  105.960  4.410  0.150  102.860  108.860  4.658  118.400  61.530  132.800
216.0  107.770  5.190  0.180  104.990  110.480  5.368  118.500  61.550  132.800
220.0  108.780  5.700  0.190  106.640  110.960  5.801  118.700  61.570  132.800
224.0  109.970  5.850  0.200  108.220  111.670  5.913  118.800  61.580  132.800
228.0  110.760  5.860  0.200  108.580  112.860  5.957  119.000  61.590  132.800
232.0  111.860  5.950  0.200  109.940  113.710  6.024  119.100  61.600  132.800
236.0  113.200  5.980  0.200  111.760  114.600  6.022  119.300  61.610  132.800
240.0  114.320  5.930  0.190  112.980  115.680  5.968  119.400  61.630  132.800
244.0  114.820  5.820  0.190  113.740  115.880  5.845  119.600  61.650  132.800
248.0  115.800  5.500  0.180  114.580  116.990  5.533  119.700  61.660  132.800
252.0  116.300  5.780  0.190  114.250  118.350  5.870  119.900  61.670  132.800
256.0  116.700  5.530  0.180  114.360  118.970  5.649  120.000  61.690  132.800
260.0  117.200  5.040  0.160  114.820  119.470  5.172  120.200  61.710  132.800
264.0  117.460  4.980  0.160  114.950  119.930  5.133  120.400  61.720  132.800
268.0  118.290  5.120  0.160  116.120  120.510  5.236  120.700  61.730  132.800
272.0  119.140  5.260  0.160  116.910  121.370  5.377  121.000  61.740  132.800
276.0  119.160  5.740  0.180  116.080  122.230  5.942  121.300  61.750  132.800
280.0  119.470  6.530  0.200  115.110  123.750  6.878  121.600  61.770  132.800
284.0  120.570  6.890  0.210  115.290  125.720  7.367  121.900  61.780  132.800
288.0  120.400  7.150  0.220  114.570  126.190  7.718  122.200  61.800  132.800
292.0  120.540  7.220  0.210  114.390  126.550  7.834  122.500  61.820  132.800
296.0  121.190  6.970  0.210  115.260  126.900  7.553  122.800  61.830  132.800
300.0  121.360  6.900  0.200  115.630  127.000  7.463  123.100  61.840  132.800
304.0  121.720  6.410  0.190  116.750  126.540  6.861  123.300  61.850  132.800
308.0  122.200  5.980  0.180  117.940  126.340  6.338  123.400  61.860  132.800
312.0  122.700  5.790  0.170  119.110  126.180  6.054  123.400  61.880  132.800
316.0  123.500  5.660  0.160  120.370  126.600  5.870  123.400  61.890  132.800
320.0  124.380  5.640  0.160  121.100  127.650  5.873  123.400  61.910  132.800
324.0  125.110  5.540  0.160  121.690  128.780  5.817  123.400  61.930  132.800
328.0  125.920  5.650  0.160  122.530  129.770  5.933  123.400  61.940  132.800
332.0  125.900  5.830  0.170  122.350  130.080  6.142  123.400  61.950  132.800
336.0  126.130  6.130  0.180  122.520  130.780  6.468  123.400  61.960  132.800
340.0  125.770  6.300  0.190  122.530  130.280  6.591  123.400  61.970  132.800
344.0  126.110  6.210  0.190  123.170  130.220  6.455  123.500  61.990  132.800
348.0  126.280  5.880  0.170  124.060  129.220  6.020  123.500  62.010  132.800
352.0  125.910  5.550  0.160  123.990  128.390  5.658  123.500  62.020  132.800
356.0  125.390  5.770  0.170  123.300  127.970  5.887  123.500  62.040  132.800
360.0  125.960  5.830  0.170  123.890  128.520  5.944  123.500  62.050  132.800
364.0  125.970  5.850  0.170  124.340  127.950  5.919  123.500  62.060  132.800
368.0  125.550  5.880  0.170  124.500  126.820  5.909  123.500  62.070  132.800
372.0  125.140  5.910  0.170  124.610  125.770  5.917  123.500  62.080  132.800
376.0  125.360  5.570  0.150  124.880  125.900  5.576  123.500  62.100  132.800
380.0  125.730  5.350  0.150  124.840  126.750  5.371  123.600  62.120  132.800
384.0  125.940  5.060  0.140  124.970  127.030  5.086  123.600  62.130  132.800
388.0  126.860  4.870  0.130  125.970  127.800  4.891  123.600  62.150  132.800
392.0  127.390  4.750  0.130  126.630  128.170  4.766  123.600  62.160  132.800
396.0  127.040  4.880  0.130  126.430  127.640  4.889  123.600  62.170  132.800
400.0  127.530  4.930  0.130  127.060  128.010  4.936  123.600  62.180  132.800
404.0  128.060  4.840  0.130  127.660  128.430  4.844  123.600  62.190  132.800
408.0  128.550  4.850  0.130  128.180  128.910  4.853  123.700  62.210  132.800
412.0  128.080  4.910  0.130  127.880  128.260  4.911  123.700  62.230  132.800
416.0  127.350  4.820  0.130  128.020  126.740  4.831  123.700  62.240  132.800
420.0  126.960  4.730  0.120  127.410  126.540  4.735  123.700  62.260  132.800
424.0  126.630  4.930  0.130  126.850  126.410  4.931  123.700  62.270  132.800
428.0  126.740  4.760  0.130  126.670  126.800  4.760  123.800  62.280  132.800
432.0  126.760  4.800  0.130  125.960  127.460  4.815  123.800  62.290  132.800
436.0  126.730  4.760  0.120  125.970  127.450  4.774  123.800  62.300  132.800
440.0  126.850  4.610  0.120  125.800  127.820  4.638  123.800  62.320  132.800
444.0  126.850  4.730  0.120  125.480  128.100  4.775  123.800  62.340  132.800
448.0  126.900  4.550  0.110  126.150  127.650  4.565  123.900  62.350  132.800
452.0  126.510  4.590  0.110  125.500  127.530  4.618  123.900  62.360  132.800
456.0  126.040  4.700  0.120  124.060  128.040  4.804  123.900  62.380  132.800
460.0  126.340  4.710  0.120  124.280  128.300  4.816  123.900  62.400  132.800
464.0  126.660  4.670  0.110  124.860  128.390  4.753  123.900  62.410  132.800
468.0  126.170  4.680  0.110  124.260  128.060  4.775  124.000  62.420  132.800
472.0  126.150  4.420  0.110  124.220  128.060  4.523  124.000  62.430  132.800
476.0  126.410  4.260  0.100  124.860  127.860  4.326  124.000  62.440  132.800
480.0  126.560  4.330  0.100  125.790  127.280  4.346  124.000  62.460  132.800
484.0  127.100  4.360  0.110  126.870  127.290  4.361  124.000  62.470  132.800
488.0  127.710  4.550  0.110  126.800  128.480  4.569  124.100  62.490  132.800
492.0  128.050  4.640  0.110  126.990  128.980  4.667  124.100  62.510  132.800
496.0  127.910  4.820  0.110  126.640  129.040  4.857  124.100  62.520  132.800
500.0  128.300  4.600  0.110  127.310  129.160  4.623  124.100  62.530  132.800
504.0  128.070  4.410  0.110  127.130  128.900  4.432  124.200  62.540  132.800
508.0  127.360  4.410  0.100  126.500  128.130  4.429  124.200  62.550  132.800
512.0  127.820  4.090  0.100  127.220  128.330  4.099  124.200  62.570  132.800
516.0  128.340  3.840  0.090  128.080  128.560  3.842  124.200  62.580  132.800
520.0  128.450  4.030  0.100  128.080  128.760  4.034  124.200  62.600  132.800
524.0  128.720  4.110  0.100  127.710  129.580  4.137  124.300  62.620  132.800
528.0  129.130  4.050  0.090  127.880  130.220  4.092  124.300  62.630  132.800
532.0  129.160  4.130  0.090  127.600  130.620  4.198  124.300  62.640  132.800
536.0  129.230  4.260  0.100  127.140  131.180  4.378  124.300  62.650  132.800
540.0  129.330  4.390  0.100  126.590  131.900  4.586  124.300  62.660  132.800
544.0  129.430  4.520  0.100  126.670  132.240  4.730  124.400  62.680  132.800
548.0  129.290  4.680  0.110  126.670  131.880  4.858  124.400  62.700  132.800
552.0  129.220  4.850  0.110  126.900  131.450  4.982  124.400  62.710  132.800
556.0  128.900  5.060  0.110  126.720  131.070  5.176  124.400  62.730  132.800
560.0  128.850  5.080  0.110  126.660  130.980  5.194  124.400  62.740  132.800
564.0  128.320  5.030  0.110  126.590  130.050  5.104  124.500  62.750  132.800
568.0  128.490  4.710  0.110  127.090  129.870  4.761  124.500  62.760  132.800
572.0  128.350  4.640  0.110  126.830  129.800  4.699  124.500  62.770  132.800
576.0  128.500  4.580  0.100  126.750  130.240  4.662  124.500  62.790  132.800
580.0  127.960  4.700  0.110  125.960  130.030  4.809  124.400  62.810  132.800
584.0  127.790  4.750  0.110  125.660  129.760  4.859  124.400  62.820  132.800
588.0  127.470  4.390  0.100  125.290  129.420  4.510  124.300  62.840  132.800
592.0  127.980  4.340  0.100  125.880  130.030  4.462  124.200  62.850  132.800
596.0  128.230  4.540  0.110  126.000  130.530  4.679  124.200  62.860  132.800
600.0  127.860  4.450  0.110  125.820  129.910  4.566  124.100  62.870  132.800
604.0  127.710  4.400  0.100  125.840  129.680  4.504  124.100  62.880  132.800
608.0  127.780  5.250  0.130  125.580  130.250  5.378  124.000  62.900  132.800
612.0  127.680  4.710  0.110  125.160  130.580  4.901  124.000  62.920  132.800
616.0  127.540  4.100  0.090  124.830  130.800  4.363  123.900  62.930  132.800
620.0  127.600  4.060  0.090  124.980  130.770  4.310  123.900  62.940  132.800
624.0  127.690  4.060  0.090  125.180  130.850  4.300  123.800  62.960  132.800
628.0  127.560  4.180  0.090  124.810  130.780  4.438  123.700  62.980  132.800
632.0  127.290  4.340  0.100  124.190  130.880  4.651  123.700  62.990  132.800
636.0  127.380  4.340  0.100  124.040  131.300  4.704  123.600  63.000  132.800
640.0  127.260  4.250  0.090  123.580  131.490  4.688  123.600  63.010  132.800
644.0  127.320  4.090  0.090  124.040  130.770  4.423  123.500  63.020  132.800
648.0  127.210  4.170  0.090  124.170  130.280  4.441  123.500  63.040  132.800
652.0  127.440  4.050  0.090  124.470  130.120  4.289  123.400  63.050  132.800
656.0  127.680  3.960  0.090  124.740  130.190  4.188  123.300  63.070  132.800
660.0  127.950  3.780  0.080  125.350  130.280  3.976  123.300  63.090  132.800
664.0  128.140  3.760  0.080  125.440  130.480  3.966  123.200  63.100  132.800
668.0  128.280  3.800  0.080  125.830  130.270  3.959  123.200  63.110  132.800
672.0  128.220  3.810  0.080  125.640  130.440  3.995  123.200  63.120  132.800
676.0  128.620  3.670  0.080  126.280  130.710  3.833  123.300  63.130  132.800
680.0  129.000  3.520  0.080  126.990  130.700  3.640  123.400  63.150  132.800
684.0  129.760  3.460  0.080  128.100  131.240  3.548  123.500  63.160  132.800
688.0  130.110  3.550  0.080  128.580  131.460  3.622  123.500  63.180  132.800
692.0  130.300  3.560  0.080  128.990  131.420  3.611  123.600  63.200  132.800
696.0  130.440  3.490  0.080  129.150  131.590  3.543  123.700  63.210  132.800
700.0  130.380  4.220  0.090  128.750  131.710  4.284  123.800  63.220  132.800
704.0  130.480  4.200  0.090  129.050  131.560  4.247  123.900  63.230  132.800
708.0  130.800  3.320  0.070  129.720  131.550  3.351  123.900  63.240  132.800
712.0  130.620  3.380  0.080  130.590  130.640  3.380  124.000  63.260  132.800
716.0  130.610  3.310  0.070  130.930  130.410  3.313  124.100  63.280  132.800
720.0  130.900  3.130  0.070  131.260  130.650  3.134  124.200  63.290  132.800
724.0  131.120  3.100  0.070  131.560  130.820  3.106  124.200  63.310  132.800
728.0  130.760  3.130  0.070  130.860  130.700  3.130  124.200  63.320  132.800
732.0  130.730  3.190  0.070  130.710  130.750  3.190  124.200  63.330  132.800
736.0  130.450  3.180  0.070  130.470  130.430  3.180  124.200  63.340  132.800
740.0  130.750  3.160  0.070  131.210  130.460  3.166  124.200  63.350  132.800
744.0  130.930  3.890  0.090  130.880  130.970  3.890  124.200  63.370  132.800
748.0  131.310  3.020  0.070  131.660  131.110  3.023  124.200  63.390  132.800
752.0  131.460  2.960  0.070  131.870  131.210  2.965  124.200  63.400  132.800
756.0  131.540  3.040  0.070  132.230  131.090  3.053  124.200  63.420  132.800
760.0  131.730  3.110  0.080  133.150  130.720  3.169  124.200  63.430  132.800
764.0  132.020  3.010  0.070  134.010  130.580  3.130  124.200  63.440  132.800
768.0  131.750  3.070  0.080  133.260  130.800  3.131  124.200  63.450  132.800
772.0  132.220  3.110  0.080  133.680  131.360  3.164  124.200  63.460  132.800
776.0  133.130  3.240  0.080  134.830  131.860  3.324  124.200  63.480  132.800
780.0  133.120  3.090  0.070  135.200  131.610  3.218  124.200  63.500  132.800
784.0  133.320  3.000  0.070  135.610  131.420  3.178  124.200  63.510  132.800
788.0  132.920  3.040  0.080  135.060  131.200  3.189  124.200  63.530  132.800
792.0  132.450  2.980  0.070  133.790  131.390  3.040  124.200  63.540  132.800
796.0  132.860  3.870  0.100  134.660  131.540  3.948  124.200  63.550  132.800
800.0  133.260  3.250  0.080  135.410  131.820  3.372  124.200  63.560  132.800
804.0  133.420  3.290  0.090  135.310  132.040  3.390  124.200  63.570  132.800
808.0  133.050  3.270  0.090  134.830  131.860  3.353  124.200  63.590  132.800
812.0  133.180  3.420  0.100  134.850  132.110  3.488  124.200  63.610  132.800
816.0  133.140  3.460  0.100  134.970  132.040  3.537  124.200  63.620  132.800
820.0  133.870  3.530  0.110  135.840  132.730  3.615  124.200  63.630  132.800
824.0  133.330  6.190  0.190  136.320  131.560  6.303  124.200  63.650  132.800
828.0  133.370  3.620  0.110  136.020  131.650  3.781  124.200  63.670  132.800
832.0  133.870  3.540  0.120  136.430  131.930  3.714  124.200  63.680  132.800
836.0  134.250  4.160  0.140  137.370  131.900  4.379  124.200  63.690  132.800
840.0  134.850  4.260  0.150  139.230  131.770  4.650  124.200  63.700  132.800
844.0  135.000  3.660  0.140  139.710  131.640  4.179  124.200  63.710  132.800
848.0  134.140  3.700  0.150  140.640  130.750  4.450  124.000  63.730  132.800
852.0  134.290  3.730  0.160  141.680  130.980  4.590  123.900  63.740  132.800
856.0  134.260  3.730  0.160  141.270  130.670  4.576  123.800  63.760  132.800
860.0  135.360  3.530  0.160  140.520  131.720  4.159  123.700  63.780  132.800
864.0  136.450  3.340  0.150  141.570  132.720  4.006  123.600  63.790  132.800
868.0  136.800  3.740  0.160  141.970  132.900  4.374  123.500  63.800  132.800
872.0  137.410  3.260  0.140  141.660  133.180  3.889  123.400  63.810  132.800
876.0  137.830  3.390  0.150  141.960  133.080  4.052  123.200  63.820  132.800
880.0  138.480  3.470  0.150  142.780  132.680  4.291  123.100  63.840  132.800
884.0  139.380  3.650  0.160  143.640  131.680  4.718  123.000  63.850  132.800
888.0  139.120  3.700  0.170  143.430  132.000  4.675  122.900  63.870  132.800
892.0  139.910  4.130  0.180  144.660  132.930  5.065  122.800  63.890  132.800
896.0  141.170  3.520  0.160  145.650  133.020  4.729  122.700  63.900  132.800
900.0  142.370  3.480  0.170  146.080  134.320  4.556  122.500  63.910  132.800
904.0  142.870  3.710  0.190  147.080  134.900  4.800  122.400  63.920  132.800
908.0  143.870  3.570  0.200  147.310  136.710  4.446  122.300  63.930  132.800
912.0  141.360  3.890  0.210  145.850  134.290  4.846  122.200  63.950  132.800
916.0  142.090  3.550  0.210  146.540  136.040  4.415  122.100  63.960  132.800
920.0  141.620  3.670  0.220  147.080  135.920  4.610  122.100  63.980  132.800
924.0  141.100  5.640  0.340  148.180  134.900  6.545  122.200  64.000  132.800
928.0  139.760  3.990  0.230  146.600  135.260  4.895  122.400  64.010  132.800
932.0  140.800  3.780  0.230  146.910  136.730  4.557  122.600  64.020  132.800
936.0  140.310  3.810  0.250  147.440  134.860  4.940  122.700  64.030  132.800
940.0  139.690  4.100  0.260  145.790  135.120  4.891  122.900  64.040  132.800
944.0  140.250  4.030  0.260  146.080  134.980  4.893  123.100  64.060  132.800
948.0  139.700  3.760  0.240  145.040  134.830  4.545  123.200  64.080  132.800
952.0  139.500  3.820  0.250  143.400  135.610  4.288  123.400  64.090  132.800
956.0  138.500  3.770  0.250  142.990  134.900  4.278  123.500  64.110  132.800
960.0  137.270  3.930  0.260  143.840  133.140  4.754  123.700  64.120  132.800
964.0  138.340  3.650  0.250  144.800  134.930  4.406  123.900  64.130  132.800
968.0  140.970  3.220  0.300  145.480  137.710  3.761  124.000  64.140  132.800
972.0  141.580  3.130  0.310  146.490  138.930  3.656  124.200  64.150  132.800
976.0  140.720  3.380  0.300  143.710  139.620  3.531  124.400  64.170  132.800
980.0  139.470  3.420  0.310  140.290  139.120  3.432  124.500  64.190  132.800
984.0  140.610  3.370  0.340  140.820  140.510  3.371  124.700  64.200  132.800
988.0  139.450  3.440  0.350  140.780  138.800  3.475  124.900  64.220  132.800
992.0  138.710  3.340  0.340  137.630  139.320  3.367  125.000  64.230  132.800
996.0  139.480  3.140  0.370  140.340  138.970  3.159  125.200  64.240  132.800
1000.0  141.100  3.130  0.380  140.950  141.170  3.130  125.300  64.250  132.800
1004.0  140.010  3.060  0.340  141.120  139.590  3.084  125.400  64.260  132.800
1008.0  140.110  2.990  0.330  141.160  139.740  3.011  125.500  64.280  132.800
1012.0  140.900  2.780  0.340  142.620  140.210  2.845  125.600  64.300  132.800
1016.0  140.910  2.680  0.340  143.710  139.910  2.843  125.700  64.310  132.800
1020.0  140.500  2.560  0.340  145.700  138.790  3.088  125.800  64.320  132.800
1024.0  139.550  2.440  0.360  143.890  138.290  2.813  125.900  64.340  132.800
1028.0  138.250  2.440  0.360  144.570  137.030  3.083  126.000  64.360  132.800
1032.0  136.490  2.940  0.420  150.270  134.900  4.838  126.100  64.370  132.800
1036.0  135.900  2.780  0.400  148.810  134.680  4.495  126.300  64.380  132.800
1040.0  135.310  2.550  0.370  146.990  134.280  4.074  126.400  64.390  132.800
1044.0  136.110  2.360  0.340  155.670  134.890  5.706  126.500  64.400  132.800
1048.0  136.280  2.250  0.330  151.100  135.430  4.518  126.600  64.420  132.800
1052.0  135.730  2.190  0.350  148.320  134.590  4.072  126.700  64.430  132.800
1056.0  135.460  2.150  0.340  145.740  134.430  3.552  126.800  64.450  132.800
1060.0  135.460  1.980  0.320  145.440  134.790  3.318  126.800  64.470  132.800
1064.0  135.130  1.990  0.340  146.310  134.120  3.640  126.700  64.480  132.800
1068.0  134.870  2.110  0.370  139.870  134.350  2.521  126.700  64.490  132.800
1072.0  134.300  2.020  0.370  134.350  134.300  2.020  126.600  64.500  132.800
1076.0  134.390  1.960  0.370  133.320  134.490  1.982  126.600  64.510  132.800
1080.0  135.390  1.840  0.330  133.510  135.520  1.907  126.500  64.530  132.800
1084.0  134.530  1.810  0.330  137.590  134.310  1.987  126.500  64.550  132.800
1088.0  133.690  1.770  0.340  137.330  133.350  2.030  126.400  64.560  132.800
1092.0  133.170  1.850  0.360  140.000  132.420  2.648  126.400  64.580  132.800
1096.0  133.240  1.870  0.370  138.350  132.670  2.348  126.300  64.590  132.800
1100.0  134.000  1.960  0.380  141.950  133.150  2.946  126.300  64.600  132.800
1104.0  134.320  2.040  0.400  148.650  132.860  4.443  126.200  64.610  132.800
1108.0  135.530  2.070  0.410  156.030  133.750  5.942  126.200  64.620  132.800
1112.0  135.260  2.040  0.400  153.120  133.710  5.264  126.100  64.640  132.800
1116.0  134.170  2.030  0.430  150.440  132.300  4.969  126.100  64.660  132.800
1120.0  134.620  2.010  0.470  150.370  132.750  4.842  126.000  64.670  132.800
1124.0  135.880  1.910  0.450  147.920  134.030  3.963  126.000  64.690  132.800
1128.0  137.270  1.840  0.430  151.680  135.160  4.521  125.900  64.700  132.800
1132.0  137.500  1.880  0.440  154.150  134.580  5.241  125.900  64.710  132.800
1136.0  138.640  1.940  0.440  155.470  134.610  5.564  125.800  64.720  132.800
1140.0  137.080  1.960  0.460  156.070  134.080  5.836  125.800  64.730  132.800
1144.0  136.870  1.960  0.460  154.590  134.340  5.429  125.700  64.750  132.800
1148.0  137.150  2.010  0.490  153.300  134.680  5.070  125.700  64.770  132.800
1152.0  138.500  2.070  0.520  152.740  135.770  4.721  125.600  64.780  132.800
