#zl,   zs,theta_E,sigma,sigma_error,author
0.194  0.446  0.85  225 15  #Augeretal.(2009)
0.237  0.531  0.96  244  19  #Boltonetal.(2008)
0.104  0.615  1.01  210  11  #Boltonetal.(2008)
0.158  0.735  1.02  196  12  #Boltonetal.(2008)
0.173  0.472  1.32  237  17  #Augeretal.(2009)
0.185  0.514  1.37  221  17  #Augeretal.(2009)
0.240  1.300  1.58  213  18  #Augeretal.(2009)
0.063  0.535  1.04  205  10  #Boltonetal.(2008)
0.134  0.419  0.81  209  11  #Boltonetal.(2008)
0.178  0.811  0.84  182  13  #Boltonetal.(2008)
0.137  0.610  1.27  229  12  #Augeretal.(2009)
0.181 0.578  1.28  286  15  #Augeretal.(2009)
0.408  1.670  0.80  190  27  #Ofeketal.(2006)
0.522  2.162  0.87  240  34  #Ofeketal.(2006)
0.723 1.686  0.53  265  37  #Inadaetal.(2005)
0.454  1.689  1.22  257  36
0.393  1.523  0.88  257  32
0.871  2.739  0.77  230  34
0.950  2.640  0.83  240  34
0.176  2.888  0.76  190  27
0.684  1.518  0.35  160  22
0.254  1.740  1.05  200  80
0.799  2.38   0.68  215  21
0.517  1.364  0.68  219  39
0.438  0.898  0.75  328  60
0.437  0.897  0.61  281  52
0.483  1.518  0.49  98  24
0.53   1.332  1.14  268  36
0.539  1.179  0.72  204  34
0.579  1.346  0.68  165  41
0.642  1.297  1.37  262  45
0.535  1.284  0.7  187  48
0.49   1.016  0.53  122  31
0.659  1.396  0.68  177  27
0.564  1.182  1.39  225  35
0.44   0.893  0.75  178  18
0.463  1.034  1.82  161  21
