#zl,zs,theta_E,theta_E_error,sigma,sigma_error,author
0.194  0.446  0.85 0 225 15  #Augeretal.(2009)
0.237  0.531  0.96 0 244  19  #Boltonetal.(2008)
0.104  0.615  1.01 0 210  11  #Boltonetal.(2008)
0.158  0.735  1.02 0 196  12  #Boltonetal.(2008)
0.173  0.472  1.32 0 237  17  #Augeretal.(2009)
0.185  0.514  1.37 0 221  17  #Augeretal.(2009)
0.240  1.300  1.58 0 213  18  #Augeretal.(2009)
0.063  0.535  1.04 0 205  10  #Boltonetal.(2008)
0.134  0.419  0.81 0 209  11  #Boltonetal.(2008)
0.178  0.811  0.84 0 182  13  #Boltonetal.(2008)
0.137  0.610  1.27 0 229  12  #Augeretal.(2009)
0.181 0.578  1.28 0 286  15  #Augeretal.(2009)
0.408  1.670  0.80 0 190  27  #Ofeketal.(2006)
0.522  2.162  0.87 0 240  34  #Ofeketal.(2006)
0.723 1.686  0.53 0 265  37  #Inadaetal.(2005)
0.454  1.689  1.22 0 257  36 #Inadaetal.(2005)
0.393  1.523  0.88 0 257  32 #X
0.871  2.739  0.77 0 230  34 #X
0.950  2.640  0.83 0 240  34 #X
0.176  2.888  0.76 0 190  27 #X
0.684  1.518  0.35 0 160  22 #X
0.254  1.740  1.05 0 200  80 #X 
0.799  2.38   0.68 0 215  21 #X
0.517  1.364  0.68 0 219  39 #X
0.438  0.898  0.75 0 328  60 #X
0.437  0.897  0.61 0 281  52 #X 
0.483  1.518  0.49 0 98  24 #X
0.53   1.332  1.14 0 268  36 #X 
0.539  1.179  0.72 0 204  34 #X
0.579  1.346  0.68 0 165  41 #X
0.642  1.297  1.37 0 262  45 #X
0.535  1.284  0.7 0 187  48 #X
0.49   1.016  0.53 0 122  31 #X
0.659  1.396  0.68 0 177  27 #X
0.564  1.182  1.39 0 225  35 #X
0.44   0.893  0.75 0 178  18 #X
0.463  1.034  1.82 0 161  21 #X
0.555 1.311 0.74 0 166 27 #X
0.56 1.113 0.64 0 174 24 #X
0.352 1.023 1.04 0 210 16 #X
0.522 1.289 1.21 0 250 37 #X
0.544 1.446 0.86 0 207 36 #X
0.408 1.086 1.63 0 272 14 #X
0.626 1.452 1.58 0 324 56 #X
0.363 0.978 1.2 0 247 17 #X
0.458 0.936 1.02 0 274 31 #X
0.44 1.192 1.16 0 193 36 #X
0.227 0.931 0.96 0 229 18 #X
0.196 0.632 1.53 0 279 10 #X
0.12 0.196 0.79 0 266 13 #X
0.294 0.525 0.69 0 251 19 #X
0.513 0.924 0.79 0 295 47 #X
0.332 0.524 1.16 0 333 23 #X
0.28 0.982 1.04 0 164 12 #X
0.351 1.071 1.1 0 212 21 #X 
0.075 0.81 0.8 0 160 7 #X
0.206 0.688 1.25 0 214 11 #X 
0.322 0.581 1.0 0 338 16 #X
0.219 1.025 1.23 0 236 11 #X
0.241 0.594 1.17 0 259 15 #X
0.116 0.657 1.41 0 225 8 #X
0.43 1.065 1.29 0 223 27 #X
0.164 0.324 1.63 0 326 12 #X
0.19 0.588 1.09 0 243 11 #X
0.222 0.608 1.38 0 263 21 #X 
0.24 0.47 1.33 0 334 15 #X
0.126 0.535 0.99 0 197 13 #X
0.168 0.439 1.09 0 247 13 #Auger et al. (2009)
0.282 0.553 1.2 0 282 18 #Auger et al. (2009)
0.191 0.696 1.41 0 242 15 #Auger et al. (2009)
0.317 0.858 1.52 0 187 23 #Auger et al. (2009)
0.096 0.407 1.23 0 262 9 #Auger et al. (2009)
0.273 0.63 1.49 0 320 20 #Auger et al. (2009)
0.153 0.474 1.1 0 239 11 #Auger et al. (2009)
0.222 0.504 0.98 0 221 22 #Auger et al. (2009)
0.106 0.402 1.68 0 269 5 #Auger et al. (2009)
0.18 0.875 1.05 0 269 15 #Auger et al. (2009)
0.164 0.631 1.31 0 267 17 #Auger et al. (2009)
0.215 0.481 1.22 0 281 13 #Auger et al. (2009)
0.123 0.64 1.42 0 292 11 #Auger et al. (2009)
0.135 0.717 1.45 0 219 10 #Auger et al. (2009)
0.232 0.795 1.13 0 252 14 #Auger et al. (2009)
0.081 0.712 0.87 0 185 9 #Auger et al. (2009)
0.205 0.481 1.35 0 267 17 #Auger et al. (2009)
0.189 0.473 0.83 0 213 17 #Auger et al. (2009)
0.299 0.811 1.37 0 240 25 #Auger et al. (2009)
0.285 0.575 1.52 0 322 32 #Auger et al. (2009)
0.285 0.805 1.12 0 281 19 #Auger et al. (2009)
0.125 0.52 1.04 0 223 14 #Auger et al. (2009)
0.358 0.717 1.31 0 264 26 #Auger et al. (2009)
0.16 0.744 1.71 0 279 12 #Auger et al. (2009)
0.143 0.531 1.0 0 189 12 #Auger et al. (2009)
0.245 0.602 1.29 0 236 20 #Auger et al. (2009)
0.208 0.524 1.23 0 290 14 #Auger et al. (2009)
0.248 0.793 1.78 0 276 16 #Auger et al. (2009)
0.228 0.674 1.09 0 231 15 #Auger et al. (2009)ff
0.137 0.713 1.27 0 198 11 #Auger et al. (2009)
0.228 0.464 1.24 0 279 17 #Auger et al. (2009)
0.155 0.517 1.62 0 255 16 #Auger et al. (2009)
0.082 0.532 1.6 0 249 8 #Auger et al. (2009)
0.186 0.807 1.44 0 207 13 #Auger et al. (2009)
0.485 3.595 1.34 0.01 229 15 #Koopmans & Treu (2003b)
0.938 2.941 1.24 0.06 251 19 #Treu & Koopmans (2004)
0.81 3.399 1.41 0.08 224 15 #Treu & Koopmans (2004)
0.497 2.092 0.36 0.04 116 10 #Treu & Koopmans (2004)
0.75 2.74 1.27 0.04 273 22 #Sonnenfeld et al. (2013b)
0.717 3.48 2.39 0.07 293 34 #Sonnenfeld et al. (2013b)
0.609 1.88 1.41 0.04 287 47 #Sonnenfeld et al. (2013b)
0.646 1.847 1.27 0.04 239 27 #Sonnenfeld et al. (2013b)
0.389 2.15 1.30 0.04 289 23 #Sonnenfeld et al. (2013b)
0.499 1.44 1.22 0.11 288 28 #Sonnenfeld et al. (2013b)
0.238 1.199 1.76 0.05 234 21 #Sonnenfeld et al. (2013b)
0.494 1.232 1.19 0.04 263 24 #Sonnenfeld et al. (2013b)
0.352 2.34 1.04 0.03 281 26 #Sonnenfeld et al. (2013b)
0.682 1.55 0.85 0.07 197 21 #Sonnenfeld et al. (2013b)
0.722 1.54 1.10 0.03 320 24 #Sonnenfeld et al. (2013b)
0.274 2.09 1.16 0.04 276 35 #Sonnenfeld et al. (2013b)
0.337 3.25 0.93 0.03 290 24 #Sonnenfeld et al. (2013b)
0.365 3.39 1.03 0.04 222 25 #Sonnenfeld et al. (2013b)
0.419 2.95 1.36 0.10 281 22 #Sonnenfeld et al. (2013b)
0.611 2.36 1.40 0.04 183 21 #Sonnenfeld et al. (2013b)
0.552 3.35 0.74 0.02 188 22 #Sonnenfeld et al. (2013b)
0.783 2.77 1.14 0.03 228 29 #Sonnenfeld et al. (2013b)
0.456 1.59 2.55 0.08 342 20 #Sonnenfeld et al. (2013b)
0.526 3.01 1.51 0.05 284 21 #Sonnenfeld et al. (2013b)
0.716 1.47 0.94 0.03 253 19 #Sonnenfeld et al. (2013b)
0.322 1.42 0.93 0.03 214 23 #Sonnenfeld et al. (2013b)
0.38 0.99 0.96 0.14 246 23 #Sonnenfeld et al. (2013b)
0.483 3.12 1.40 0.04 228 19 #Sonnenfeld et al. (2013b)
0.4 2.15 1.95 0.06 213 21 #Sonnenfeld et al. (2013b)
0.476 2.53 1.66 0.06 317 30 #Sonnenfeld et al. (2013b)
0.338 3.45 1.07 0.03 165 20 #Sonnenfeld et al. (2013b)
0.289 1.02 0.52 0.13 189 20 #Sonnenfeld et al. (2013b)
0.232 1.07 2.16 0.07 127 15 #Sonnenfeld et al. (2013b)
0.325 2.35 1.40 0.05 222 23 #Sonnenfeld et al. (2013b)
0.436 1.36 1.44 0.15 221 22 #Sonnenfeld et al. (2013b)
0.5869 2.4504 1.34 0 241 45 #Shu et al. (2016)
0.3957 2.8209 1.70 0 256 20 #Shu et al. (2016)
0.4859 2.2491 0.65 0 290 89 #Shu et al. (2016)
0.4936 2.3633 1.22 0 218 28 #Shu et al. (2016)
0.7224 2.6347 2.05 0 272 52 #Shu et al. (2016)
0.5074 2.2335 0.98 0 334 54 #Shu et al. (2016)
0.5238 2.3440 0.77 0 119 61 #Shu et al. (2016)
0.5811 2.4030 1.60 0 298 49 #Shu et al. (2016)
0.6073 2.3999 0.98 0 191 39 #Shu et al. (2016)
0.5501 2.4536 1.03 0 274 55 #Shu et al. (2016)
0.5858 2.7624 1.27 0 285 44 #Shu et al. (2016)
0.5628 2.1258 1.18 0 239 43 #Shu et al. (2016)
0.4980 2.7322 1.37 0 248 26 #Shu et al. (2016)
0.5305 2.8324 1.28 0 255 50 #Shu et al. (2016)
0.5270 2.2649 1.11 0 274 43 #Shu et al. (2016)
0.609 1.89 0.54 0.07 250 30 #Sonnenfeld et al. (2015)
0.557 1.33 0.76 0.09 276 37 #Sonnenfeld et al. (2015)
0.884 2.06 1.00 0.03 246 48 #Sonnenfeld et al. (2015, 2013a)
0.671 1.87 1.77 0.06 204 21 #Sonnenfeld et al. (2015)
0.2210 1.1046 1.23 0 203 17 #Shu et al. (2017)
0.1584 0.7477 0.92 0 216 18 #Shu et al. (2017)
0.3210 0.9199 0.55 0 183 19 #Shu et al. (2017)
0.4456 0.6239 0.63 0 310 38 #Shu et al. (2017)
0.1371 0.9628 1.23 0 208 12 #Shu et al. (2017)
0.1534 0.7401 1.04 0 193 16 #Shu et al. (2017)
0.1206 0.8326 1.62 0 206 11 #Shu et al. (2017)
0.1318 1.2907 1.01 0 163 8 #Shu et al. (2017)
0.1551 0.5327 0.96 0 199 16 #Shu et al. (2017)
0.1276 0.6371 0.91 0 175 11 #Shu et al. (2017)
0.2881 0.3918 0.70 0 297 17 #Shu et al. (2017)
0.3214 0.4671 0.54 0 271 33 #Shu et al. (2017)
0.1959 0.8483 1.17 0 188 11 #Shu et al. (2017)
0.1668 0.4245 1.14 0 221 11 #Shu et al. (2017)
0.1671 0.7469 0.88 0 197 13 #Shu et al. (2017)
0.1225 0.2846 0.59 0 186 10 #Shu et al. (2017)
0.1006 0.2172 0.60 0 200 7 #Shu et al. (2017)
0.1330 0.6679 1.18 0 195 10 #Shu et al. (2017)
0.1634 0.5380 0.99 0 216 16 #Shu et al. (2017)
0.1343 0.8318 0.72 0 157 10 #Shu et al. (2017)
0.1780 0.5169 1.18 0 270 15 #Shu et al. (2017)
0.1697 0.6860 0.82 0 190 11 #Shu et al. (2017)
0.1303 0.3610 1.25 0 230 9 #Shu et al. (2017)
0.1241 0.4627 1.29 0 222 8 #Shu et al. (2017)
0.1640 0.6595 0.79 0 159 10 #Shu et al. (2017)
0.1036 0.2551 0.76 0 207 14 #Shu et al. (2017)
0.0906 0.5954 1.35 0 232 7 #Shu et al. (2017)
0.0902 0.5331 1.00 0 178 8 #Shu et al. (2017)
0.2074 0.3717 1.01 0 250 12 #Shu et al. (2017)
0.0625 0.7720 1.02 0 190 6 #Shu et al. (2017)
0.1688 0.6537 1.00 0 180 15 #Shu et al. (2017)
0.0912 0.4115 1.53 0 230 6 #Shu et al. (2017)
0.1406 0.7389 1.17 0 194 11 #Shu et al. (2017)
0.2681 0.3966 0.78 0 285 16 #Shu et al. (2017)
0.1351 0.3501 1.01 0 243 9 #Shu et al. (2017)
0.1604 0.5663 0.84 0 194 15 #Shu et al. (2017)
0.2089 0.4865 0.57 0 197 16 #Shu et al. (2017)
0.1281 0.5804 1.39 0 231 9 #Shu et al. (2017)
0.2905 1.0048 1.14 0 184 13 #Shu et al. (2017)
0.1899 0.2775 0.59 0 245 15 #Shu et al. (2017)
0.111 1.170 1.15 0 227 18 #Rusin et al. (2003a) 

