oLCDM_phy_SN
[Om, Ol ] 
 mean, vect1, vect2
[ 0.22395683  0.57937531]	 [-0.05999498  0.03512909]	 [-0.12409526 -0.21193525]
[ 0.22395683  0.57937531]	 [-0.09681986  0.0566913 ]	 [-0.20026484 -0.34202094]
[ 0.22395683  0.57937531]	 [-0.13606405  0.07967011]	 [-0.2814386 -0.480653 ]

oLCDM_phy_Planck_15
[Om, Ol ] 
 mean, vect1, vect2
[ 0.3975925   0.62538236]	 [ 0.20960665 -0.15927651]	 [ 0.00228482  0.00300681]
[ 0.3975925   0.62538236]	 [ 0.33826304 -0.2570403 ]	 [ 0.00368724  0.00485238]
[ 0.3975925   0.62538236]	 [ 0.4753719  -0.36122698]	 [ 0.0051818   0.00681921]

oLCDM_phy_Planck_15+SN
[Om, Ol ] 
 mean, vect1, vect2
[ 0.29641439  0.70174261]	 [ 0.05724678 -0.04446823]	 [ 0.00158519  0.00204072]
[ 0.29641439  0.70174261]	 [ 0.09238481 -0.07176279]	 [ 0.00255819  0.00329332]
[ 0.29641439  0.70174261]	 [ 0.12983134 -0.10085056]	 [ 0.0035951  0.0046282]

oLCDM_phy_Planck_15+SN+BBAO
[Om, Ol ] 
 mean, vect1, vect2
[ 0.30458927  0.69555768]	 [ 0.01040033 -0.00979091]	 [ 0.00148589  0.00157838]
[ 0.30458927  0.69555768]	 [ 0.01678405 -0.01580056]	 [ 0.00239793  0.00254718]
[ 0.30458927  0.69555768]	 [ 0.02358716 -0.02220503]	 [ 0.00336988  0.00357964]

