30 30
 0.005951538235 -0.0007452494836 0.00137350784 0.0009655407995 0.0009229032672 0.001073164261 0.000948899525 0.0007432423708 0.0009782488172 0.0006821778119 0.001011742212 0.0005860411453 0.0004908151979 0.0004624879847 0.0004802408876 0.0004459478734 0.0003856063066 0.0003593873323 0.0003540139571 0.0003429695005 0.0002722438109 0.0002629086056 0.000169998619 0.00018683615 0.0002091512604 0.0001472984621 0.0001653567665 0.0001196876541 0.0001213145269 0.0001354707396
 -0.0007452494836 0.005919695434 -8.998256953e-05 0.001114949705 0.0008623430273 0.001006345887 0.0008648727747 0.0007632560246 0.0009920287937 0.0005965165439 0.001015685777 0.0005422778821 0.0005198299654 0.0004397034786 0.0004614344335 0.0004078316567 0.0003851420186 0.0003438599806 0.0003468269191 0.0003327790897 0.0002507498402 0.0002467477013 0.0001618893364 0.0001734924655 0.0001939844806 0.000132054016 0.0001540201466 0.0001111735807 0.0001155843488 0.0001202193674
 0.00137350784 -8.998256953e-05 0.005321993278 0.0002614404828 0.001149451884 0.001107447897 0.0009549156115 0.0008399054923 0.0009990283969 0.0007218466583 0.001104241154 0.000579137459 0.0004713044149 0.0004364495866 0.0004464125424 0.0004105177039 0.0003688714483 0.0003341107319 0.0003337840311 0.0003243917477 0.0002451784578 0.0002423808195 0.0001330794666 0.0001522726058 0.000169475352 0.000112145509 0.0001294340014 8.890978132e-05 8.826337237e-05 9.578343778e-05
 0.0009655407995 0.001114949705 0.0002614404828 0.00296370971 0.0002819392455 0.00124025756 0.0007959904546 0.0007736723501 0.0008959654608 0.0006998100653 0.0009705277153 0.0005383567906 0.0004690808397 0.0004278876246 0.0004244665743 0.0004018030012 0.0003574558226 0.0003283381666 0.0003226684974 0.0003133899166 0.00024805807 0.0002365815573 0.0001484064511 0.0001626899167 0.000185696001 0.0001250090207 0.0001458141247 0.0001132145441 0.000109975578 0.0001258378691
 0.0009229032672 0.0008623430273 0.001149451884 0.0002819392455 0.003351633489 0.0003625483546 0.00106220092 0.0007657214619 0.0009814285777 0.0005600931329 0.001058384357 0.0005529063146 0.0004303069315 0.0004152791734 0.0004182410102 0.0003967181135 0.0003516324852 0.0003164293834 0.0003183871568 0.0003059646302 0.0002387116067 0.0002344629922 0.0001392260087 0.000163652079 0.0001744445847 0.0001260977371 0.0001440280401 9.509465143e-05 0.0001093700821 0.0001004949235
 0.001073164261 0.001006345887 0.001107447897 0.00124025756 0.0003625483546 0.00287425544 0.0001615012654 0.001040278595 0.000909301979 0.0007855472273 0.001074855071 0.0005735906979 0.0005027201884 0.000445522895 0.0004495224971 0.0004111987158 0.000380955099 0.0003448491478 0.0003426738364 0.0003335488966 0.0002534483917 0.0002473765026 0.0001454665835 0.0001591978661 0.0001823349754 0.0001183530137 0.0001385386321 0.0001030667142 9.746380455e-05 0.0001137927643
 0.000948899525 0.0008648727747 0.0009549156115 0.0007959904546 0.00106220092 0.0001615012654 0.005807057324 -0.000499962174 0.001415788263 0.0005512358609 0.001120745589 0.0005472634592 0.0005781737057 0.000486339755 0.0005195357879 0.0004968763976 0.0003943016993 0.0003760005545 0.0003658319851 0.000353829864 0.0002855687897 0.0002697109669 0.0001827420426 0.0001975059764 0.0002255989676 0.0001565685439 0.0001782825869 0.0001430460465 0.000141599644 0.0001612691804
 0.0007432423708 0.0007632560246 0.0008399054923 0.0007736723501 0.0007657214619 0.001040278595 -0.000499962174 0.004927482315 -0.0004060544288 0.001254143551 0.0008970072937 0.0007361571596 0.0006852741621 0.0006567702162 0.000508376219 0.0006295075999 0.0005791368595 0.000524635103 0.0005091846044 0.0004869103333 0.000437431454 0.0004119902481 0.0003164368912 0.0003573745922 0.0003771158325 0.0003074882149 0.0003906075228 0.0002334147655 0.0003174532411 0.0002680237258
 0.0009782488172 0.0009920287937 0.0009990283969 0.0008959654608 0.0009814285777 0.000909301979 0.001415788263 -0.0004060544288 0.00533586674 -0.0009007231696 0.001862153706 0.0004100807872 0.0005173490986 0.0003357414373 0.0004648377254 0.0003509442976 0.000260687277 0.0002520117136 0.0002502818554 0.0002438569897 0.0001797521282 0.0001868537517 9.053222671e-05 9.178234531e-05 0.0001147475649 6.299166872e-05 0.0001091021646 6.235417309e-05 6.214370589e-05 9.412206392e-05
 0.0006821778119 0.0005965165439 0.0007218466583 0.0006998100653 0.0005600931329 0.0007855472273 0.0005512358609 0.001254143551 -0.0009007231696 0.005612632577 -0.00110257484 0.0013100187 0.0007543723864 0.0009666520901 0.0006831581183 0.0009000776699 0.0008479074472 0.0007771231572 0.0007479294105 0.0007199918563 0.000647628625 0.0006261280354 0.0004728709004 0.0005370033444 0.0005626594713 0.0004740403671 0.0006091362064 0.0003205039044 0.0004660863885 0.0003893427199
 0.001011742212 0.001015685777 0.001104241154 0.0009705277153 0.001058384357 0.001074855071 0.001120745589 0.0008970072937 0.001862153706 -0.00110257484 0.007453391468 -0.0009899030763 0.001507623982 0.0003849523813 0.0005533267338 0.000501993773 0.0004097345003 0.0003862748124 0.0003716151028 0.0003555283151 0.0003267944196 0.0003037348132 0.000249670616 0.00025581382 0.0002893720549 0.0002191072533 0.0003165238361 0.0002053201745 0.0002610956611 0.0002649702253
 0.0005860411453 0.0005422778821 0.000579137459 0.0005383567906 0.0005529063146 0.0005735906979 0.0005472634592 0.0007361571596 0.0004100807872 0.0013100187 -0.0009899030763 0.004305527303 -0.001003130702 0.001037122627 0.0005671275445 0.0008015802642 0.0007275842431 0.0006819905303 0.0006724152434 0.0006520223548 0.0005360488735 0.000529170965 0.0003595102689 0.0004245136472 0.0004386746968 0.000361558619 0.0003650535764 0.0001823174246 0.0002301914396 0.0001791690187
 0.0004908151979 0.0005198299654 0.0004713044149 0.0004690808397 0.0004303069315 0.0005027201884 0.0005781737057 0.0006852741621 0.0005173490986 0.0007543723864 0.001507623982 -0.001003130702 0.007379829921 0.0001327388741 0.001246983397 0.0008146236081 0.0009872996972 0.000916665744 0.0008858446711 0.0008614682056 0.0007283624042 0.0007356152745 0.0005378083037 0.0006005966614 0.0006408519203 0.0005404668028 0.0006081832186 0.0002714429975 0.0003622185489 0.0003367392753
 0.0004624879847 0.0004397034786 0.0004364495866 0.0004278876246 0.0004152791734 0.000445522895 0.000486339755 0.0006567702162 0.0003357414373 0.0009666520901 0.0003849523813 0.001037122627 0.0001327388741 0.00335205485 -0.0003881280146 0.001257357417 0.0008640343028 0.0008701376738 0.0008453344048 0.0008178149511 0.000692129799 0.0006768541163 0.0004982692004 0.0005840852281 0.0005982365413 0.0005086439737 0.0005048613932 0.0002519448905 0.0003284763622 0.0002438020237
 0.0004802408876 0.0004614344335 0.0004464125424 0.0004244665743 0.0004182410102 0.0004495224971 0.0005195357879 0.000508376219 0.0004648377254 0.0006831581183 0.0005533267338 0.0005671275445 0.001246983397 -0.0003881280146 0.004131271015 -0.0001729709964 0.0009551793468 0.0007031628673 0.0007430324155 0.0007171793087 0.0005617318385 0.0005763622412 0.0003752825164 0.0004495759979 0.0004579815119 0.0003888803676 0.0003332763085 0.0001169731893 0.0001346077156 8.674236637e-05
 0.0004459478734 0.0004078316567 0.0004105177039 0.0004018030012 0.0003967181135 0.0004111987158 0.0004968763976 0.0006295075999 0.0003509442976 0.0009000776699 0.000501993773 0.0008015802642 0.0008146236081 0.001257357417 -0.0001729709964 0.0028724413 0.0005783870846 0.0009662293916 0.0008735458298 0.0008465471069 0.0007636703393 0.0007347099111 0.0006206911867 0.0007080851745 0.0007226830587 0.000633159931 0.0006143340396 0.0002947273194 0.0003914630359 0.0002795447748
 0.0003856063066 0.0003851420186 0.0003688714483 0.0003574558226 0.0003516324852 0.000380955099 0.0003943016993 0.0005791368595 0.000260687277 0.0008479074472 0.0004097345003 0.0007275842431 0.0009872996972 0.0008640343028 0.0009551793468 0.0005783870846 0.002447455341 0.0006322733037 0.0009605889247 0.0008761411345 0.0007683987081 0.0007522439194 0.0005971743121 0.0006915737896 0.0007021014518 0.0006153325125 0.0005551183878 0.0002449450823 0.0003123076096 0.0002078079338
 0.0003593873323 0.0003438599806 0.0003341107319 0.0003283381666 0.0003164293834 0.0003448491478 0.0003760005545 0.000524635103 0.0002520117136 0.0007771231572 0.0003862748124 0.0006819905303 0.000916665744 0.0008701376738 0.0007031628673 0.0009662293916 0.0006322733037 0.002414819611 0.0007624367846 0.0009276958636 0.000793590673 0.0007995817041 0.0006829223615 0.0007715694312 0.000789282186 0.0006983693995 0.0006540601123 0.0002533541032 0.0003554855534 0.0002540274005
 0.0003540139571 0.0003468269191 0.0003337840311 0.0003226684974 0.0003183871568 0.0003426738364 0.0003658319851 0.0005091846044 0.0002502818554 0.0007479294105 0.0003716151028 0.0006724152434 0.0008858446711 0.0008453344048 0.0007430324155 0.0008735458298 0.0009605889247 0.0007624367846 0.002145452794 0.0004691837213 0.0008949745405 0.0007398372971 0.0006879214251 0.0007642780901 0.0007789097779 0.0007018952603 0.0006102613917 0.0002364670354 0.0003120218476 0.0002012914931
 0.0003429695005 0.0003327790897 0.0003243917477 0.0003133899166 0.0003059646302 0.0003335488966 0.000353829864 0.0004869103333 0.0002438569897 0.0007199918563 0.0003555283151 0.0006520223548 0.0008614682056 0.0008178149511 0.0007171793087 0.0008465471069 0.0008761411345 0.0009276958636 0.0004691837213 0.00247438501 0.0003701095413 0.0008728326135 0.0006248135487 0.0007501178616 0.0007589897784 0.0006670304589 0.0005482707067 0.0002199063673 0.0002723032267 0.0001780630972
 0.0002722438109 0.0002507498402 0.0002451784578 0.00024805807 0.0002387116067 0.0002534483917 0.0002855687897 0.000437431454 0.0001797521282 0.000647628625 0.0003267944196 0.0005360488735 0.0007283624042 0.000692129799 0.0005617318385 0.0007636703393 0.0007683987081 0.000793590673 0.0008949745405 0.0003701095413 0.00250957557 0.0003510561011 0.001092453415 0.0009489459691 0.001027322252 0.0009450407595 0.001077346484 0.0002974954963 0.0005613328296 0.0003900239971
 0.0002629086056 0.0002467477013 0.0002423808195 0.0002365815573 0.0002344629922 0.0002473765026 0.0002697109669 0.0004119902481 0.0001868537517 0.0006261280354 0.0003037348132 0.000529170965 0.0007356152745 0.0006768541163 0.0005763622412 0.0007347099111 0.0007522439194 0.0007995817041 0.0007398372971 0.0008728326135 0.0003510561011 0.003233162524 0.0001063102602 0.001103063425 0.0008258547039 0.0009297203588 0.001221820529 0.0001626777558 0.0006197161761 0.0003884756916
 0.000169998619 0.0001618893364 0.0001330794666 0.0001484064511 0.0001392260087 0.0001454665835 0.0001827420426 0.0003164368912 9.053222671e-05 0.0004728709004 0.000249670616 0.0003595102689 0.0005378083037 0.0004982692004 0.0003752825164 0.0006206911867 0.0005971743121 0.0006829223615 0.0006879214251 0.0006248135487 0.001092453415 0.0001063102602 0.003662609694 0.0006635336516 0.001451219257 0.001200812889 0.001413392167 0.0004186403287 0.0008272123559 0.0006195769555
 0.00018683615 0.0001734924655 0.0001522726058 0.0001626899167 0.000163652079 0.0001591978661 0.0001975059764 0.0003573745922 9.178234531e-05 0.0005370033444 0.00025581382 0.0004245136472 0.0006005966614 0.0005840852281 0.0004495759979 0.0007080851745 0.0006915737896 0.0007715694312 0.0007642780901 0.0007501178616 0.0009489459691 0.001103063425 0.0006635336516 0.003072964985 0.0007693429119 0.001502123041 0.001236388638 0.0003949836397 0.0006752715185 0.0004792242595
 0.0002091512604 0.0001939844806 0.000169475352 0.000185696001 0.0001744445847 0.0001823349754 0.0002255989676 0.0003771158325 0.0001147475649 0.0005626594713 0.0002893720549 0.0004386746968 0.0006408519203 0.0005982365413 0.0004579815119 0.0007226830587 0.0007021014518 0.000789282186 0.0007789097779 0.0007589897784 0.001027322252 0.0008258547039 0.001451219257 0.0007693429119 0.003911876516 0.0005187946888 0.00167967148 0.0003252800258 0.0007728921436 0.0004835218245
 0.0001472984621 0.000132054016 0.000112145509 0.0001250090207 0.0001260977371 0.0001183530137 0.0001565685439 0.0003074882149 6.299166872e-05 0.0004740403671 0.0002191072533 0.000361558619 0.0005404668028 0.0005086439737 0.0003888803676 0.000633159931 0.0006153325125 0.0006983693995 0.0007018952603 0.0006670304589 0.0009450407595 0.0009297203588 0.001200812889 0.001502123041 0.0005187946888 0.004979931528 -1.593429272e-05 0.001001228532 0.0007129962371 0.0007397637374
 0.0001653567665 0.0001540201466 0.0001294340014 0.0001458141247 0.0001440280401 0.0001385386321 0.0001782825869 0.0003906075228 0.0001091021646 0.0006091362064 0.0003165238361 0.0003650535764 0.0006081832186 0.0005048613932 0.0003332763085 0.0006143340396 0.0005551183878 0.0006540601123 0.0006102613917 0.0005482707067 0.001077346484 0.001221820529 0.001413392167 0.001236388638 0.00167967148 -1.593429272e-05 0.008821277211 -0.001215722717 0.00291526507 0.001458557609
 0.0001196876541 0.0001111735807 8.890978132e-05 0.0001132145441 9.509465143e-05 0.0001030667142 0.0001430460465 0.0002334147655 6.235417309e-05 0.0003205039044 0.0002053201745 0.0001823174246 0.0002714429975 0.0002519448905 0.0001169731893 0.0002947273194 0.0002449450823 0.0002533541032 0.0002364670354 0.0002199063673 0.0002974954963 0.0001626777558 0.0004186403287 0.0003949836397 0.0003252800258 0.001001228532 -0.001215722717 0.007565981746 2.581434925e-05 0.003588182213
 0.0001213145269 0.0001155843488 8.826337237e-05 0.000109975578 0.0001093700821 9.746380455e-05 0.000141599644 0.0003174532411 6.214370589e-05 0.0004660863885 0.0002610956611 0.0002301914396 0.0003622185489 0.0003284763622 0.0001346077156 0.0003914630359 0.0003123076096 0.0003554855534 0.0003120218476 0.0002723032267 0.0005613328296 0.0006197161761 0.0008272123559 0.0006752715185 0.0007728921436 0.0007129962371 0.00291526507 2.581434925e-05 0.01546518167 -0.003347579779
 0.0001354707396 0.0001202193674 9.578343778e-05 0.0001258378691 0.0001004949235 0.0001137927643 0.0001612691804 0.0002680237258 9.412206392e-05 0.0003893427199 0.0002649702253 0.0001791690187 0.0003367392753 0.0002438020237 8.674236637e-05 0.0002795447748 0.0002078079338 0.0002540274005 0.0002012914931 0.0001780630972 0.0003900239971 0.0003884756916 0.0006195769555 0.0004792242595 0.0004835218245 0.0007397637374 0.001458557609 0.003588182213 -0.003347579779 0.02844808891
