0.8 0.8 9.27177884502 43047.3103858 1502.82840142
0.82 0.8 9.50357331615 43047.3103858 1503.49974157
0.84 0.8 9.73536778727 43047.3103858 1504.06657738
0.86 0.8 9.9671622584 43047.3103858 1504.52443668
0.88 0.8 10.1989567295 43047.3103858 1504.85567187
0.9 0.8 10.4307512006 43047.3103858 1505.0296048
0.92 0.8 10.6625456718 43047.3103858 1504.99030063
0.94 0.8 10.8943401429 43047.3103858 1502.28780367
0.96 0.8 11.126134614 43047.3103858 1501.5724685
0.98 0.8 11.3579290851 43047.3103858 1500.97354001
1.0 0.8 11.5897235563 43047.3103858 1500.57956188
1.02 0.8 11.8215180274 43047.3103858 1500.44910247
1.04 0.8 12.0533124985 43047.3103858 1500.59407627
1.06 0.8 12.2851069697 43047.3103858 1500.97722627
1.08 0.8 12.5169014408 43047.3103858 1501.79366402
1.1 0.8 12.7486959119 43047.3103858 1503.3147948
1.12 0.8 12.980490383 43047.3103858 1503.94277673
1.14 0.8 13.2122848542 43047.3103858 1504.21690241
1.16 0.8 13.4440793253 43047.3103858 1504.38793828
1.18 0.8 13.6758737964 43047.3103858 1504.50174398
1.2 0.8 13.9076682675 43047.3103858 1504.57755991
0.8 0.82 9.27177884502 41997.3759861 1503.67619558
0.82 0.82 9.50357331615 41997.3759861 1504.23573883
0.84 0.82 9.73536778727 41997.3759861 1504.66030986
0.86 0.82 9.9671622584 41997.3759861 1504.93933243
0.88 0.82 10.1989567295 41997.3759861 1505.04534779
0.9 0.82 10.4307512006 41997.3759861 1504.91062853
0.92 0.82 10.6625456718 41997.3759861 1502.28435805
0.94 0.82 10.8943401429 41997.3759861 1501.4585579
0.96 0.82 11.126134614 41997.3759861 1500.69203385
0.98 0.82 11.3579290851 41997.3759861 1500.08012536
1.0 0.82 11.5897235563 41997.3759861 1499.7072065
1.02 0.82 11.8215180274 41997.3759861 1499.62401271
1.04 0.82 12.0533124985 41997.3759861 1499.8323091
1.06 0.82 12.2851069697 41997.3759861 1500.39425898
1.08 0.82 12.5169014408 41997.3759861 1501.53554203
1.1 0.82 12.7486959119 41997.3759861 1502.65973009
1.12 0.82 12.980490383 41997.3759861 1503.25123256
1.14 0.82 13.2122848542 41997.3759861 1503.57874766
1.16 0.82 13.4440793253 41997.3759861 1503.79357979
1.18 0.82 13.6758737964 41997.3759861 1503.93894496
1.2 0.82 13.9076682675 41997.3759861 1504.03505433
0.8 0.84 9.27177884502 40997.4384627 1504.41817775
0.82 0.84 9.50357331615 40997.4384627 1504.79931541
0.84 0.84 9.73536778727 40997.4384627 1505.00982692
0.86 0.84 9.9671622584 40997.4384627 1505.02563377
0.88 0.84 10.1989567295 40997.4384627 1504.77568096
0.9 0.84 10.4307512006 40997.4384627 1502.24709352
0.92 0.84 10.6625456718 40997.4384627 1501.31892479
0.94 0.84 10.8943401429 40997.4384627 1500.40368753
0.96 0.84 11.126134614 40997.4384627 1499.58885089
0.98 0.84 11.3579290851 40997.4384627 1498.96926697
1.0 0.84 11.5897235563 40997.4384627 1498.62415157
1.02 0.84 11.8215180274 40997.4384627 1498.59580738
1.04 0.84 12.0533124985 40997.4384627 1499.03583581
1.06 0.84 12.2851069697 40997.4384627 1499.90285724
1.08 0.84 12.5169014408 40997.4384627 1500.92109088
1.1 0.84 12.7486959119 40997.4384627 1501.76923815
1.12 0.84 12.980490383 40997.4384627 1502.30358878
1.14 0.84 13.2122848542 40997.4384627 1502.64917553
1.16 0.84 13.4440793253 40997.4384627 1502.88856093
1.18 0.84 13.6758737964 40997.4384627 1503.05460277
1.2 0.84 13.9076682675 40997.4384627 1503.16047248
0.8 0.86 9.27177884502 40044.0096612 1504.90963597
0.82 0.86 9.50357331615 40044.0096612 1505.04334078
0.84 0.86 9.73536778727 40044.0096612 1504.95886992
0.86 0.86 9.9671622584 40044.0096612 1504.59525093
0.88 0.86 10.1989567295 40044.0096612 1503.16769455
0.9 0.86 10.4307512006 40044.0096612 1501.14943775
0.92 0.86 10.6625456718 40044.0096612 1500.08848783
0.94 0.86 10.8943401429 40044.0096612 1499.08364234
0.96 0.86 11.126134614 40044.0096612 1498.2241662
0.98 0.86 11.3579290851 40044.0096612 1497.60297728
1.0 0.86 11.5897235563 40044.0096612 1497.41493746
1.02 0.86 11.8215180274 40044.0096612 1497.62942647
1.04 0.86 12.0533124985 40044.0096612 1498.19186877
1.06 0.86 12.2851069697 40044.0096612 1498.98552353
1.08 0.86 12.5169014408 40044.0096612 1499.824243
1.1 0.86 12.7486959119 40044.0096612 1500.50055742
1.12 0.86 12.980490383 40044.0096612 1500.98447196
1.14 0.86 13.2122848542 40044.0096612 1501.32916579
1.16 0.86 13.4440793253 40044.0096612 1501.57574021
1.18 0.86 13.6758737964 40044.0096612 1501.74713075
1.2 0.86 13.9076682675 40044.0096612 1501.85257387
0.8 0.88 9.27177884502 39133.9185325 1505.03717458
0.82 0.88 9.50357331615 39133.9185325 1504.851288
0.84 0.88 9.73536778727 39133.9185325 1504.38687497
0.86 0.88 9.9671622584 39133.9185325 1503.49488056
0.88 0.88 10.1989567295 39133.9185325 1501.69622609
0.9 0.88 10.4307512006 39133.9185325 1500.11911105
0.92 0.88 10.6625456718 39133.9185325 1498.82369269
0.94 0.88 10.8943401429 39133.9185325 1497.71982272
0.96 0.88 11.126134614 39133.9185325 1496.85353041
0.98 0.88 11.3579290851 39133.9185325 1496.30621487
1.0 0.88 11.5897235563 39133.9185325 1496.12212931
1.02 0.88 11.8215180274 39133.9185325 1496.30797166
1.04 0.88 12.0533124985 39133.9185325 1496.80626771
1.06 0.88 12.2851069697 39133.9185325 1497.48449658
1.08 0.88 12.5169014408 39133.9185325 1498.16734657
1.1 0.88 12.7486959119 39133.9185325 1498.73865558
1.12 0.88 12.980490383 39133.9185325 1499.18110541
1.14 0.88 13.2122848542 39133.9185325 1499.51675041
1.16 0.88 13.4440793253 39133.9185325 1499.76193173
1.18 0.88 13.6758737964 39133.9185325 1499.93146903
1.2 0.88 13.9076682675 39133.9185325 1500.03080941
0.8 0.9 9.27177884502 38264.2758985 1504.7124233
0.82 0.9 9.50357331615 38264.2758985 1504.14675554
0.84 0.9 9.73536778727 38264.2758985 1503.25215463
0.86 0.9 9.9671622584 38264.2758985 1501.91138764
0.88 0.9 10.1989567295 38264.2758985 1500.21741778
0.9 0.9 10.4307512006 38264.2758985 1498.62476996
0.92 0.9 10.6625456718 38264.2758985 1497.20736035
0.94 0.9 10.8943401429 38264.2758985 1495.99604845
0.96 0.9 11.126134614 38264.2758985 1495.05317949
0.98 0.9 11.3579290851 38264.2758985 1494.44661175
1.0 0.9 11.5897235563 38264.2758985 1494.21694705
1.02 0.9 11.8215180274 38264.2758985 1494.3512452
1.04 0.9 12.0533124985 38264.2758985 1494.76782381
1.06 0.9 12.2851069697 38264.2758985 1495.33384929
1.08 0.9 12.5169014408 38264.2758985 1495.91138759
1.1 0.9 12.7486959119 38264.2758985 1496.42124185
1.12 0.9 12.980490383 38264.2758985 1496.83920215
1.14 0.9 13.2122848542 38264.2758985 1497.16796791
1.16 0.9 13.4440793253 38264.2758985 1497.4153658
1.18 0.9 13.6758737964 38264.2758985 1497.58718676
1.2 0.9 13.9076682675 38264.2758985 1497.68555324
0.8 0.92 9.27177884502 37432.4438137 1503.86889801
0.82 0.92 9.50357331615 37432.4438137 1502.89257808
0.84 0.92 9.73536778727 37432.4438137 1501.58604876
0.86 0.92 9.9671622584 37432.4438137 1499.95860106
0.88 0.92 10.1989567295 37432.4438137 1498.18274832
0.9 0.92 10.4307512006 37432.4438137 1496.4723592
0.92 0.92 10.6625456718 37432.4438137 1494.92456607
0.94 0.92 10.8943401429 37432.4438137 1493.60416993
0.96 0.92 11.126134614 37432.4438137 1492.58458104
0.98 0.92 11.3579290851 37432.4438137 1491.92589863
1.0 0.92 11.5897235563 37432.4438137 1491.65341757
1.02 0.92 11.8215180274 37432.4438137 1491.73729218
1.04 0.92 12.0533124985 37432.4438137 1492.08918539
1.06 0.92 12.2851069697 37432.4438137 1492.5840018
1.08 0.92 12.5169014408 37432.4438137 1493.10845137
1.1 0.92 12.7486959119 37432.4438137 1493.59530664
1.12 0.92 12.980490383 37432.4438137 1494.01337476
1.14 0.92 13.2122848542 37432.4438137 1494.35146042
1.16 0.92 13.4440793253 37432.4438137 1494.61574449
1.18 0.92 13.6758737964 37432.4438137 1494.80534903
1.2 0.92 13.9076682675 37432.4438137 1494.91984925
0.8 0.94 9.27177884502 36636.008839 1502.46909452
0.82 0.94 9.50357331615 36636.008839 1501.07882061
0.84 0.94 9.73536778727 36636.008839 1499.3929672
0.86 0.94 9.9671622584 36636.008839 1497.49427869
0.88 0.94 10.1989567295 36636.008839 1495.53665246
0.9 0.94 10.4307512006 36636.008839 1493.67108683
0.92 0.94 10.6625456718 36636.008839 1491.99422716
0.94 0.94 10.8943401429 36636.008839 1490.58435181
0.96 0.94 11.126134614 36636.008839 1489.512136
0.98 0.94 11.3579290851 36636.008839 1488.82547808
1.0 0.94 11.5897235563 36636.008839 1488.53910581
1.02 0.94 11.8215180274 36636.008839 1488.60750103
1.04 0.94 12.0533124985 36636.008839 1488.93958593
1.06 0.94 12.2851069697 36636.008839 1489.41951071
1.08 0.94 12.5169014408 36636.008839 1489.94377071
1.1 0.94 12.7486959119 36636.008839 1490.44777769
1.12 0.94 12.980490383 36636.008839 1490.89545756
1.14 0.94 13.2122848542 36636.008839 1491.27117481
1.16 0.94 13.4440793253 36636.008839 1491.57465527
1.18 0.94 13.6758737964 36636.008839 1491.81044195
1.2 0.94 13.9076682675 36636.008839 1491.96973341
0.8 0.96 9.27177884502 35872.7586548 1500.53871709
0.82 0.96 9.50357331615 35872.7586548 1498.74347884
0.84 0.96 9.73536778727 35872.7586548 1496.70398661
0.86 0.96 9.9671622584 35872.7586548 1494.53288354
0.88 0.96 10.1989567295 35872.7586548 1492.37652085
0.9 0.96 10.4307512006 35872.7586548 1490.36497587
0.92 0.96 10.6625456718 35872.7586548 1488.59250349
0.94 0.96 10.8943401429 35872.7586548 1487.13678096
0.96 0.96 11.126134614 35872.7586548 1486.06044587
0.98 0.96 11.3579290851 35872.7586548 1485.39768747
1.0 0.96 11.5897235563 35872.7586548 1485.1479744
1.02 0.96 11.8215180274 35872.7586548 1485.25738983
1.04 0.96 12.0533124985 35872.7586548 1485.62826908
1.06 0.96 12.2851069697 35872.7586548 1486.15296436
1.08 0.96 12.5169014408 35872.7586548 1486.72865906
1.1 0.96 12.7486959119 35872.7586548 1487.29129867
1.12 0.96 12.980490383 35872.7586548 1487.80604818
1.14 0.96 13.2122848542 35872.7586548 1488.25177289
1.16 0.96 13.4440793253 35872.7586548 1488.62678596
1.18 0.96 13.6758737964 35872.7586548 1488.93499002
1.2 0.96 13.9076682675 35872.7586548 1489.44992382
0.8 0.98 9.27177884502 35140.6615394 1498.1976002
0.82 0.98 9.50357331615 35140.6615394 1496.0276622
0.84 0.98 9.73536778727 35140.6615394 1493.67193308
0.86 0.98 9.9671622584 35140.6615394 1491.2588024
0.88 0.98 10.1989567295 35140.6615394 1488.93807586
0.9 0.98 10.4307512006 35140.6615394 1486.83368028
0.92 0.98 10.6625456718 35140.6615394 1485.02925094
0.94 0.98 10.8943401429 35140.6615394 1483.59648825
0.96 0.98 11.126134614 35140.6615394 1482.58410095
0.98 0.98 11.3579290851 35140.6615394 1482.0117583
1.0 0.98 11.5897235563 35140.6615394 1481.86560614
1.02 0.98 11.8215180274 35140.6615394 1482.0784296
1.04 0.98 12.0533124985 35140.6615394 1482.5521691
1.06 0.98 12.2851069697 35140.6615394 1483.17406219
1.08 0.98 12.5169014408 35140.6615394 1483.85217001
1.1 0.98 12.7486959119 35140.6615394 1484.51602001
1.12 0.98 12.980490383 35140.6615394 1485.12942257
1.14 0.98 13.2122848542 35140.6615394 1485.67759198
1.16 0.98 13.4440793253 35140.6615394 1486.15548273
1.18 0.98 13.6758737964 35140.6615394 1486.56578881
1.2 0.98 13.9076682675 35140.6615394 1487.26542059
0.8 1.0 9.27177884502 34437.8483086 1495.65555358
0.82 1.0 9.50357331615 34437.8483086 1493.16713406
0.84 1.0 9.73536778727 34437.8483086 1490.55484439
0.86 1.0 9.9671622584 34437.8483086 1487.96730091
0.88 1.0 10.1989567295 34437.8483086 1485.55589049
0.9 1.0 10.4307512006 34437.8483086 1483.43634528
0.92 1.0 10.6625456718 34437.8483086 1481.68740592
0.94 1.0 10.8943401429 34437.8483086 1480.36125056
0.96 1.0 11.126134614 34437.8483086 1479.49200641
0.98 1.0 11.3579290851 34437.8483086 1479.08306596
1.0 1.0 11.5897235563 34437.8483086 1479.10694837
1.02 1.0 11.8215180274 34437.8483086 1479.48521035
1.04 1.0 12.0533124985 34437.8483086 1480.11471215
1.06 1.0 12.2851069697 34437.8483086 1480.88510518
1.08 1.0 12.5169014408 34437.8483086 1481.70216989
1.1 1.0 12.7486959119 34437.8483086 1482.49785221
1.12 1.0 12.980490383 34437.8483086 1483.23695406
1.14 1.0 13.2122848542 34437.8483086 1483.90738521
1.16 1.0 13.4440793253 34437.8483086 1484.50746844
1.18 1.0 13.6758737964 34437.8483086 1485.04033999
1.2 1.0 13.9076682675 34437.8483086 1485.91920222
0.8 1.02 9.27177884502 33762.596381 1493.17773554
0.82 1.02 9.50357331615 33762.596381 1490.44542671
0.84 1.02 9.73536778727 33762.596381 1487.66002494
0.86 1.02 9.9671622584 33762.596381 1484.98772991
0.88 1.02 10.1989567295 33762.596381 1482.58001178
0.9 1.02 10.4307512006 33762.596381 1480.54126798
0.92 1.02 10.6625456718 33762.596381 1478.93700758
0.94 1.02 10.8943401429 33762.596381 1477.80576458
0.96 1.02 11.126134614 33762.596381 1477.15478227
0.98 1.02 11.3579290851 33762.596381 1476.97824077
1.0 1.02 11.5897235563 33762.596381 1477.2289666
1.02 1.02 11.8215180274 33762.596381 1477.81971239
1.04 1.02 12.0533124985 33762.596381 1478.64578085
1.06 1.02 12.2851069697 33762.596381 1479.5903087
1.08 1.02 12.5169014408 33762.596381 1480.56802909
1.1 1.02 12.7486959119 33762.596381 1481.51245359
1.12 1.02 12.980490383 33762.596381 1482.3884521
1.14 1.02 13.2122848542 33762.596381 1483.19098795
1.16 1.02 13.4440793253 33762.596381 1483.91598227
1.18 1.02 13.6758737964 33762.596381 1484.57558421
1.2 1.02 13.9076682675 33762.596381 1485.60618587
0.8 1.04 9.27177884502 33113.3156814 1491.01845073
0.82 1.04 9.50357331615 33113.3156814 1488.12964306
0.84 1.04 9.73536778727 33113.3156814 1485.26797
0.86 1.04 9.9671622584 33113.3156814 1482.60805163
0.88 1.04 10.1989567295 33113.3156814 1480.30299848
0.9 1.04 10.4307512006 33113.3156814 1478.44042715
0.92 1.04 10.6625456718 33113.3156814 1477.06753219
0.94 1.04 10.8943401429 33113.3156814 1476.20168204
0.96 1.04 11.126134614 33113.3156814 1475.83363577
0.98 1.04 11.3579290851 33113.3156814 1475.93581609
1.0 1.04 11.5897235563 33113.3156814 1476.4541295
1.02 1.04 11.8215180274 33113.3156814 1477.28369535
1.04 1.04 12.0533124985 33113.3156814 1478.31582226
1.06 1.04 12.2851069697 33113.3156814 1479.44690946
1.08 1.04 12.5169014408 33113.3156814 1480.5860212
1.1 1.04 12.7486959119 33113.3156814 1481.67475172
1.12 1.04 12.980490383 33113.3156814 1482.68286577
1.14 1.04 13.2122848542 33113.3156814 1483.60508187
1.16 1.04 13.4440793253 33113.3156814 1484.45083716
1.18 1.04 13.6758737964 33113.3156814 1485.22605906
1.2 1.04 13.9076682675 33113.3156814 1486.35222157
0.8 1.06 9.27177884502 32488.5361402 1489.37370125
0.82 1.06 9.50357331615 32488.5361402 1486.42060403
0.84 1.06 9.73536778727 32488.5361402 1483.57173671
0.86 1.06 9.9671622584 32488.5361402 1481.02225311
0.88 1.06 10.1989567295 32488.5361402 1478.90677077
0.9 1.06 10.4307512006 32488.5361402 1477.29989728
0.92 1.06 10.6625456718 32488.5361402 1476.22465913
0.94 1.06 10.8943401429 32488.5361402 1475.67524794
0.96 1.06 11.126134614 32488.5361402 1475.62537421
0.98 1.06 11.3579290851 32488.5361402 1476.03058343
1.0 1.06 11.5897235563 32488.5361402 1476.81971453
1.02 1.06 11.8215180274 32488.5361402 1477.8900941
1.04 1.06 12.0533124985 32488.5361402 1479.13082686
1.06 1.06 12.2851069697 32488.5361402 1480.43265332
1.08 1.06 12.5169014408 32488.5361402 1481.71466125
1.1 1.06 12.7486959119 32488.5361402 1482.92770831
1.12 1.06 12.980490383 32488.5361402 1484.04310374
1.14 1.06 13.2122848542 32488.5361402 1485.06314949
1.16 1.06 13.4440793253 32488.5361402 1486.00211406
1.18 1.06 13.6758737964 32488.5361402 1486.86968381
1.2 1.06 13.9076682675 32488.5361402 1488.03363941
0.8 1.08 9.27177884502 31886.8965821 1488.36012161
0.82 1.08 9.50357331615 31886.8965821 1485.41967255
0.84 1.08 9.73536778727 31886.8965821 1482.66329
0.86 1.08 9.9671622584 31886.8965821 1480.29494148
0.88 1.08 10.1989567295 31886.8965821 1478.43947993
0.9 1.08 10.4307512006 31886.8965821 1477.14127445
0.92 1.08 10.6625456718 31886.8965821 1476.40095942
0.94 1.08 10.8943401429 31886.8965821 1476.19081082
0.96 1.08 11.126134614 31886.8965821 1476.46522466
0.98 1.08 11.3579290851 31886.8965821 1477.16957835
1.0 1.08 11.5897235563 31886.8965821 1478.22074227
1.02 1.08 11.8215180274 31886.8965821 1479.51019801
1.04 1.08 12.0533124985 31886.8965821 1480.92757125
1.06 1.08 12.2851069697 31886.8965821 1482.37200279
1.08 1.08 12.5169014408 31886.8965821 1483.76330558
1.1 1.08 12.7486959119 31886.8965821 1485.061636
1.12 1.08 12.980490383 31886.8965821 1486.25202682
1.14 1.08 13.2122848542 31886.8965821 1487.334327
1.16 1.08 13.4440793253 31886.8965821 1488.32959945
1.18 1.08 13.6758737964 31886.8965821 1489.25416127
1.2 1.08 13.9076682675 31886.8965821 1490.39299311
0.8 1.1 9.27177884502 31307.134826 1487.99027564
0.82 1.1 9.50357331615 31307.134826 1485.12061872
0.84 1.1 9.73536778727 31307.134826 1482.51559382
0.86 1.1 9.9671622584 31307.134826 1480.37950948
0.88 1.1 10.1989567295 31307.134826 1478.81884668
0.9 1.1 10.4307512006 31307.134826 1477.85235157
0.92 1.1 10.6625456718 31307.134826 1477.45535729
0.94 1.1 10.8943401429 31307.134826 1477.57643078
0.96 1.1 11.126134614 31307.134826 1478.15846706
0.98 1.1 11.3579290851 31307.134826 1479.13208782
1.0 1.1 11.5897235563 31307.134826 1480.4104955
1.02 1.1 11.8215180274 31307.134826 1481.88466852
1.04 1.1 12.0533124985 31307.134826 1483.44040042
1.06 1.1 12.2851069697 31307.134826 1484.98117308
1.08 1.1 12.5169014408 31307.134826 1486.44091648
1.1 1.1 12.7486959119 31307.134826 1487.78198007
1.12 1.1 12.980490383 31307.134826 1488.99794991
1.14 1.1 13.2122848542 31307.134826 1490.10482287
1.16 1.1 13.4440793253 31307.134826 1491.11837349
1.18 1.1 13.6758737964 31307.134826 1492.05620318
1.2 1.1 13.9076682675 31307.134826 1493.12243896
0.8 1.12 9.27177884502 30748.078847 1488.19379835
0.82 1.12 9.50357331615 30748.078847 1485.42476951
0.84 1.12 9.73536778727 30748.078847 1483.00174595
0.86 1.12 9.9671622584 30748.078847 1481.12442459
0.88 1.12 10.1989567295 30748.078847 1479.86737325
0.9 1.12 10.4307512006 30748.078847 1479.22710024
0.92 1.12 10.6625456718 30748.078847 1479.15177583
0.94 1.12 10.8943401429 30748.078847 1479.5746072
0.96 1.12 11.126134614 30748.078847 1480.42275528
0.98 1.12 11.3579290851 30748.078847 1481.62462009
1.0 1.12 11.5897235563 30748.078847 1483.08376525
1.02 1.12 11.8215180274 30748.078847 1484.69392239
1.04 1.12 12.0533124985 30748.078847 1486.34484953
1.06 1.12 12.2851069697 30748.078847 1487.93867949
1.08 1.12 12.5169014408 30748.078847 1489.41667974
1.1 1.12 12.7486959119 30748.078847 1490.75766327
1.12 1.12 12.980490383 30748.078847 1491.96103958
1.14 1.12 13.2122848542 30748.078847 1493.04392383
1.16 1.12 13.4440793253 30748.078847 1494.03522128
1.18 1.12 13.6758737964 30748.078847 1494.9493179
1.2 1.12 13.9076682675 30748.078847 1497.60598675
0.8 1.14 9.27177884502 30208.6388672 1488.82896054
0.82 1.14 9.50357331615 30208.6388672 1486.16776771
0.84 1.14 9.73536778727 30208.6388672 1483.93888508
0.86 1.14 9.9671622584 30208.6388672 1482.3167169
0.88 1.14 10.1989567295 30208.6388672 1481.3512265
0.9 1.14 10.4307512006 30208.6388672 1481.00696494
0.92 1.14 10.6625456718 30208.6388672 1481.21559965
0.94 1.14 10.8943401429 30208.6388672 1481.89248931
0.96 1.14 11.126134614 30208.6388672 1482.95816072
0.98 1.14 11.3579290851 30208.6388672 1484.33296177
1.0 1.14 11.5897235563 30208.6388672 1485.92506004
1.02 1.14 11.8215180274 30208.6388672 1487.62706158
1.04 1.14 12.0533124985 30208.6388672 1489.3278701
1.06 1.14 12.2851069697 30208.6388672 1490.93486796
1.08 1.14 12.5169014408 30208.6388672 1492.39502222
1.1 1.14 12.7486959119 30208.6388672 1493.69323095
1.12 1.14 12.980490383 30208.6388672 1494.84398441
1.14 1.14 13.2122848542 30208.6388672 1495.87196317
1.16 1.14 13.4440793253 30208.6388672 1496.80079853
1.18 1.14 13.6758737964 30208.6388672 1497.65270575
1.2 1.14 13.9076682675 30208.6388672 1499.81125549
0.8 1.16 9.27177884502 29687.8002661 1489.71598911
0.82 1.16 9.50357331615 29687.8002661 1487.16154623
0.84 1.16 9.73536778727 29687.8002661 1485.12004238
0.86 1.16 9.9671622584 29687.8002661 1483.73662492
0.88 1.16 10.1989567295 29687.8002661 1483.02875067
0.9 1.16 10.4307512006 29687.8002661 1482.9393051
0.92 1.16 10.6625456718 29687.8002661 1483.38141515
0.94 1.16 10.8943401429 29687.8002661 1484.2598344
0.96 1.16 11.126134614 29687.8002661 1485.4878558
0.98 1.16 11.3579290851 29687.8002661 1486.98508775
1.0 1.16 11.5897235563 29687.8002661 1488.66206609
1.02 1.16 11.8215180274 29687.8002661 1490.41620697
1.04 1.16 12.0533124985 29687.8002661 1492.13707673
1.06 1.16 12.2851069697 29687.8002661 1493.72852653
1.08 1.16 12.5169014408 29687.8002661 1495.14032945
1.1 1.16 12.7486959119 29687.8002661 1496.36785551
1.12 1.16 12.980490383 29687.8002661 1497.43642733
1.14 1.16 13.2122848542 29687.8002661 1498.3760481
1.16 1.16 13.4440793253 29687.8002661 1499.21798485
1.18 1.16 13.6758737964 29687.8002661 1499.9776878
1.2 1.16 13.9076682675 29687.8002661 1501.66178005
0.8 1.18 9.27177884502 29184.6172107 1490.68488878
0.82 1.18 9.50357331615 29184.6172107 1488.23012649
0.84 1.18 9.73536778727 29184.6172107 1486.36197017
0.86 1.18 9.9671622584 29184.6172107 1485.18957321
0.88 1.18 10.1989567295 29184.6172107 1484.69999486
0.9 1.18 10.4307512006 29184.6172107 1484.8188964
0.92 1.18 10.6625456718 29184.6172107 1485.4435945
0.94 1.18 10.8943401429 29184.6172107 1486.47081453
0.96 1.18 11.126134614 29184.6172107 1487.80742878
0.98 1.18 11.3579290851 29184.6172107 1489.38055704
1.0 1.18 11.5897235563 29184.6172107 1491.10358234
1.02 1.18 11.8215180274 29184.6172107 1492.88113843
1.04 1.18 12.0533124985 29184.6172107 1494.60404
1.06 1.18 12.2851069697 29184.6172107 1496.16758335
1.08 1.18 12.5169014408 29184.6172107 1497.51398781
1.1 1.18 12.7486959119 29184.6172107 1498.65155686
1.12 1.18 12.980490383 29184.6172107 1499.61677975
1.14 1.18 13.2122848542 29184.6172107 1500.44885985
1.16 1.18 13.4440793253 29184.6172107 1501.17963838
1.18 1.18 13.6758737964 29184.6172107 1501.8281973
1.2 1.18 13.9076682675 29184.6172107 1502.8160378
0.8 1.2 9.27177884502 28698.2069239 1491.60017598
0.82 1.2 9.50357331615 28698.2069239 1489.23918894
0.84 1.2 9.73536778727 28698.2069239 1487.52311133
0.86 1.2 9.9671622584 28698.2069239 1486.52318146
0.88 1.2 10.1989567295 28698.2069239 1486.20828387
0.9 1.2 10.4307512006 28698.2069239 1486.48992393
0.92 1.2 10.6625456718 28698.2069239 1487.25106201
0.94 1.2 10.8943401429 28698.2069239 1488.38645635
0.96 1.2 11.126134614 28698.2069239 1489.85073416
0.98 1.2 11.3579290851 28698.2069239 1491.48217398
1.0 1.2 11.5897235563 28698.2069239 1493.24554389
1.02 1.2 11.8215180274 28698.2069239 1495.06638377
1.04 1.2 12.0533124985 28698.2069239 1496.84854633
1.06 1.2 12.2851069697 28698.2069239 1498.45360959
1.08 1.2 12.5169014408 28698.2069239 1499.76562513
1.1 1.2 12.7486959119 28698.2069239 1500.79952332
1.12 1.2 12.980490383 28698.2069239 1501.93098166
1.14 1.2 13.2122848542 28698.2069239 1502.59176379
1.16 1.2 13.4440793253 28698.2069239 1503.14493506
1.18 1.2 13.6758737964 28698.2069239 1503.12767509
1.2 1.2 13.9076682675 28698.2069239 1504.49422857
