0.000000000000000000e+00 4.139944136548732168e+00
1.000000000000000056e-01 4.362429100485884170e+00
2.000000000000000111e-01 4.886914269897008722e+00
3.000000000000000444e-01 4.701604680594265062e+00
4.000000000000000222e-01 5.049065506203810116e+00
5.000000000000000000e-01 5.347123688463432778e+00
6.000000000000000888e-01 5.401818376929232279e+00
7.000000000000000666e-01 5.559098329943071626e+00
8.000000000000000444e-01 6.031061632015344287e+00
9.000000000000000222e-01 6.165682740601094558e+00
1.000000000000000000e+00 6.313300273930393836e+00
1.100000000000000089e+00 6.516419720107023750e+00
1.200000000000000178e+00 6.742838732146191560e+00
1.300000000000000044e+00 6.843276609416986567e+00
1.400000000000000133e+00 7.185229091043719762e+00
1.500000000000000000e+00 7.019746290837684199e+00
1.600000000000000089e+00 7.527614738366015246e+00
1.700000000000000178e+00 7.844735258787430610e+00
1.800000000000000044e+00 7.639771454429889808e+00
1.900000000000000133e+00 8.244446988367673868e+00
2.000000000000000000e+00 8.365094420087258342e+00
2.100000000000000089e+00 8.327760041219946174e+00
2.200000000000000178e+00 8.794195066956099538e+00
2.300000000000000266e+00 8.630563665487089864e+00
2.400000000000000355e+00 9.276095096826400876e+00
2.500000000000000000e+00 9.350113732555787038e+00
2.600000000000000089e+00 9.512291158088082454e+00
2.700000000000000178e+00 9.660927396512294152e+00
2.800000000000000266e+00 9.944089810949524377e+00
2.900000000000000355e+00 9.888899120702363987e+00
3.000000000000000000e+00 1.002000136821456344e+01
3.100000000000000089e+00 1.044788977762346249e+01
3.200000000000000178e+00 1.080104926552639277e+01
3.300000000000000266e+00 1.104729997180098700e+01
3.400000000000000355e+00 1.119719779671178728e+01
3.500000000000000000e+00 1.117392621511067574e+01
3.600000000000000089e+00 1.124401678982810360e+01
3.700000000000000178e+00 1.168011822779822140e+01
3.800000000000000266e+00 1.194556705723526235e+01
3.900000000000000355e+00 1.206044641342862889e+01
4.000000000000000000e+00 1.212178460489083243e+01
4.100000000000000533e+00 1.249231291799498678e+01
4.200000000000000178e+00 1.243502719782597410e+01
4.299999999999999822e+00 1.303694588247550890e+01
4.400000000000000355e+00 1.287265075496486055e+01
4.500000000000000000e+00 1.307193501071556341e+01
4.600000000000000533e+00 1.356273971145163060e+01
4.700000000000000178e+00 1.344054939757196721e+01
4.800000000000000711e+00 1.367118473009186630e+01
4.900000000000000355e+00 1.418729385850218883e+01
5.000000000000000000e+00 1.436387881461040550e+01
5.100000000000000533e+00 1.433273976909135072e+01
5.200000000000000178e+00 1.459628769291794548e+01
5.300000000000000711e+00 1.497045832024094913e+01
5.400000000000000355e+00 1.521849139043052013e+01
5.500000000000000000e+00 1.504829788838656590e+01
5.600000000000000533e+00 1.563240218055627651e+01
5.700000000000000178e+00 1.571168059011033868e+01
5.800000000000000711e+00 1.593663663433456357e+01
5.900000000000000355e+00 1.581343330588777363e+01
6.000000000000000000e+00 1.644463599623374250e+01
6.100000000000000533e+00 1.632726109217598065e+01
6.200000000000000178e+00 1.680118145665451124e+01
6.300000000000000711e+00 1.662330617378422914e+01
6.400000000000000355e+00 1.699781547597337550e+01
6.500000000000000000e+00 1.712808168179479651e+01
6.600000000000000533e+00 1.740218800048709014e+01
6.700000000000000178e+00 1.762745551052725901e+01
6.800000000000000711e+00 1.806612897809526075e+01
6.900000000000000355e+00 1.804258232244562876e+01
7.000000000000000000e+00 1.846439941318233480e+01
7.100000000000000533e+00 1.847037818506609952e+01
7.200000000000000178e+00 1.846935388126451727e+01
7.300000000000000711e+00 1.897327343617672213e+01
7.400000000000000355e+00 1.892116790322288367e+01
7.500000000000000000e+00 1.909836185081588766e+01
7.600000000000000533e+00 1.929671092021607848e+01
7.700000000000000178e+00 1.957445984996487454e+01
7.800000000000000711e+00 2.003275764103550216e+01
7.900000000000000355e+00 2.004615005330360589e+01
8.000000000000000000e+00 2.044416798380489553e+01
8.099999999999999645e+00 2.035233687681615677e+01
8.200000000000001066e+00 2.076578491360772460e+01
8.300000000000000711e+00 2.069433050614168934e+01
8.400000000000000355e+00 2.095606359922945927e+01
8.500000000000000000e+00 2.118788283143921447e+01
8.599999999999999645e+00 2.127882868234290825e+01
8.700000000000001066e+00 2.174691140819846780e+01
8.800000000000000711e+00 2.176472494184594098e+01
8.900000000000000355e+00 2.208109851074878804e+01
9.000000000000000000e+00 2.205340476911875314e+01
9.099999999999999645e+00 2.253554156195674096e+01
9.200000000000001066e+00 2.289477227197007991e+01
9.300000000000000711e+00 2.291563878830346113e+01
9.400000000000000355e+00 2.316916323446652726e+01
9.500000000000000000e+00 2.339363675923586783e+01
9.600000000000001421e+00 2.366400101129752187e+01
9.700000000000001066e+00 2.380640026042580359e+01
9.800000000000000711e+00 2.379852973586421427e+01
9.900000000000000355e+00 2.425446015055096538e+01
