0.00024613 16.6193 0.291577 0.0223791 0.696686 -16.6193 0 
0.000247416 16.6089 0.294842 0.022397 0.708031 -16.6089 0 
0.000247401 16.609 0.29477 0.0223988 0.715375 -16.609 0 
0.00024002 16.6696 0.284988 0.022414 0.717949 -16.6696 0 
0.000247414 16.6089 0.294825 0.0224278 0.72003 -16.6089 0 
0.000240668 16.6642 0.285506 0.0224105 0.71777 -16.6642 0 
0.000223333 16.8137 0.275451 0.0224091 0.725563 -16.8137 0 
0.000211195 16.9255 0.270394 0.0224018 0.729729 -16.9255 0 
0.000214935 16.8903 0.271866 0.0224152 0.738237 -16.8903 0 
0.000237397 16.6916 0.283082 0.0224035 0.748507 -16.6916 0 
0.000236727 16.6972 0.282635 0.0224235 0.756308 -16.6972 0 
0.000246571 16.6157 0.292404 0.0224239 0.754242 -16.6157 0 
0.00023321 16.7271 0.280473 0.0224279 0.757173 -16.7271 0 
0.000241557 16.6568 0.286257 0.022402 0.75523 -16.6568 0 
0.000246715 16.6146 0.292714 0.022379 0.752391 -16.6146 0 
0.000242783 16.6467 0.287387 0.0223796 0.753064 -16.6467 0 
0.000237857 16.6877 0.283398 0.0223723 0.744302 -16.6877 0 
0.000212031 16.9176 0.270718 0.0223617 0.735883 -16.9176 0 
0.000223301 16.814 0.275436 0.0223432 0.729648 -16.814 0 
0.000231006 16.7461 0.279241 0.0223447 0.732616 -16.7461 0 
0.000235375 16.7087 0.281768 0.0223223 0.729448 -16.7087 0 
0.000247475 16.6084 0.295122 0.0223056 0.731594 -16.6084 0 
0.000246076 16.6197 0.29148 0.0222694 0.730857 -16.6197 0 
0.000212777 16.9105 0.271009 0.022265 0.734153 -16.9105 0 
0.000211505 16.9225 0.270513 0.0222564 0.727493 -16.9225 0 
0.000163559 17.4367 0.254673 0.0222296 0.726396 -17.4367 0 
0.000109414 18.2407 0.238431 0.0222352 0.723488 -18.2407 0 
9.50413e-05 18.5224 0.233832 0.0222494 0.723817 -18.5224 0 
0.000174107 17.3117 0.25788 0.0222406 0.720943 -17.3117 0 
0.000163774 17.434 0.254737 0.0222292 0.724456 -17.434 0 
0.000108578 18.2561 0.238168 0.0222194 0.713438 -18.2561 0 
7.19561e-05 19.0789 0.225735 0.0222478 0.720108 -19.0789 0 
0.000114559 18.1488 0.240023 0.0222661 0.715567 -18.1488 0 
0.000100891 18.4029 0.235735 0.0222807 0.731686 -18.4029 0 
0.000127746 17.9309 0.244025 0.0222865 0.74648 -17.9309 0 
0.0001315 17.873 0.245146 0.0222813 0.741444 -17.873 0 
0.000137636 17.7818 0.246969 0.0222642 0.731177 -17.7818 0 
0.000103437 18.3531 0.236548 0.0222351 0.731022 -18.3531 0 
