0.31781179 0.02186743 0.68172484
0.32615059 0.0219359  0.68610679
0.32615059 0.0219359  0.68610679
0.32615059 0.0219359  0.68610679
0.31407076 0.02188678 0.6791277 
0.31407076 0.02188678 0.6791277 
0.32078823 0.02186073 0.67986989
0.3271114  0.02180964 0.67786426
0.35364584 0.02185483 0.68589738
0.35770657 0.02181742 0.68500143
0.35770657 0.02181742 0.68500143
0.35066662 0.02186307 0.68539618
0.31633663 0.02197853 0.67154263
0.31633663 0.02197853 0.67154263
0.31633663 0.02197853 0.67154263
0.32227181 0.02182246 0.6691572 
0.33901866 0.0217006  0.66573444
0.33901866 0.0217006  0.66573444
0.33118209 0.02193117 0.6735068 
0.32621697 0.02193678 0.67274275
0.33138672 0.02207349 0.67804531
0.33207865 0.0221155  0.67717914
0.33207865 0.0221155  0.67717914
0.33912712 0.02207848 0.67547313
0.33912712 0.02207848 0.67547313
0.33912712 0.02207848 0.67547313
0.33149664 0.02211762 0.67458657
0.32172462 0.02212019 0.67488278
0.32172462 0.02212019 0.67488278
0.3121396  0.0221082  0.67197269
0.3114784  0.02210912 0.67164167
0.31711141 0.02224283 0.67589692
0.31512823 0.02241857 0.68079329
0.32247832 0.02242202 0.68372629
0.32247832 0.02242202 0.68372629
0.3201566  0.02240116 0.68217152
0.32265384 0.02252328 0.6842525 
0.32265384 0.02252328 0.6842525 
0.32799533 0.02255867 0.68772305
0.32786909 0.02254739 0.68729891
0.33440819 0.02234871 0.68293506
0.33440819 0.02234871 0.68293506
0.33088734 0.02229582 0.68096739
0.33088734 0.02229582 0.68096739
0.31337354 0.02216889 0.67205807
0.31288794 0.02202573 0.67403983
0.31288794 0.02202573 0.67403983
0.31288794 0.02202573 0.67403983
0.30564864 0.02210763 0.67419831
0.3071684  0.02217729 0.6756372 
0.30818222 0.02172056 0.68268346
0.30624082 0.02167668 0.67974488
0.30624082 0.02167668 0.67974488
0.32394249 0.02153773 0.6920208 
0.33188211 0.02159524 0.69396107
0.33188211 0.02159524 0.69396107
0.3380872  0.02124357 0.69040592
0.3380872  0.02124357 0.69040592
0.31876616 0.02143406 0.68597052
0.31876616 0.02143406 0.68597052
0.30789924 0.02169238 0.68255163
0.30789924 0.02169238 0.68255163
0.30918015 0.02169749 0.68263682
0.30717565 0.02170577 0.67999245
0.30229835 0.02182446 0.67814298
0.30149902 0.02184391 0.67783987
0.30655736 0.02161966 0.68398642
0.31663745 0.02129758 0.6910179 
0.3170214  0.02127577 0.69107095
0.3170214  0.02127577 0.69107095
0.32218718 0.02151485 0.68956148
0.32218718 0.02151485 0.68956148
0.32218718 0.02151485 0.68956148
0.33682767 0.02113815 0.69461822
0.33682767 0.02113815 0.69461822
0.33682767 0.02113815 0.69461822
0.33682767 0.02113815 0.69461822
0.33633812 0.02114519 0.69461826
0.33372679 0.02123694 0.69393535
0.32509905 0.02141912 0.689907  
0.32509905 0.02141912 0.689907  
0.32263227 0.0215652  0.68610551
0.30954784 0.02146627 0.67464102
0.30954784 0.02146627 0.67464102
0.30583567 0.02171555 0.67488312
0.30345954 0.0218227  0.67448065
0.29065763 0.02137919 0.66858394
0.29065763 0.02137919 0.66858394
0.29065763 0.02137919 0.66858394
0.29065763 0.02137919 0.66858394
0.2949898  0.02137429 0.66992733
0.29728959 0.02117504 0.67359139
0.29518746 0.02135716 0.67024224
0.29518746 0.02135716 0.67024224
0.28905573 0.02119594 0.66840011
0.28905573 0.02119594 0.66840011
0.30500713 0.02179189 0.67500771
0.30282711 0.02197829 0.67152693
0.30282711 0.02197829 0.67152693
0.32721088 0.02241522 0.69065014
0.28955765 0.02213304 0.67265628
0.29196974 0.02214931 0.67536412
0.29146114 0.02202645 0.67581293
0.29146114 0.02202645 0.67581293
0.28802967 0.02217147 0.67959344
0.29118858 0.02212996 0.68062841
0.28600695 0.0219956  0.67602706
0.28772699 0.0220235  0.67674769
0.28772699 0.0220235  0.67674769
0.29301969 0.02223395 0.68223708
0.29727641 0.02237837 0.68706377
0.29727641 0.02237837 0.68706377
0.30097893 0.02296238 0.69120394
0.30097893 0.02296238 0.69120394
0.300758   0.02297279 0.69121477
0.300758   0.02297279 0.69121477
0.29722883 0.02277734 0.69158885
0.2933937  0.02261788 0.68780628
0.2933937  0.02261788 0.68780628
0.29105995 0.02253898 0.68355354
0.29105995 0.02253898 0.68355354
0.29105995 0.02253898 0.68355354
0.29105995 0.02253898 0.68355354
0.29105995 0.02253898 0.68355354
0.29084591 0.02245333 0.68077371
0.29084591 0.02245333 0.68077371
0.28786783 0.02255165 0.69028391
0.28746156 0.02250641 0.68906796
0.28746156 0.02250641 0.68906796
0.28746156 0.02250641 0.68906796
0.28746156 0.02250641 0.68906796
0.28746156 0.02250641 0.68906796
0.29372632 0.02239288 0.68569071
0.30793875 0.02223201 0.6825807 
0.3128698  0.02158115 0.67367785
0.3128698  0.02158115 0.67367785
0.3232203  0.02124346 0.67844985
0.3232203  0.02124346 0.67844985
0.31938932 0.0216321  0.68323248
0.31688694 0.02145287 0.68299945
0.31688694 0.02145287 0.68299945
0.31832238 0.02144207 0.68420059
0.31502643 0.02156879 0.68351431
0.31502643 0.02156879 0.68351431
0.33962699 0.02192196 0.69783112
0.33661095 0.02194124 0.69619597
0.31971901 0.02187403 0.68268058
0.31971901 0.02187403 0.68268058
0.32076846 0.02183084 0.68241617
0.31759226 0.02167347 0.68283808
0.28793939 0.02185767 0.68190778
0.28473162 0.02144122 0.68630848
0.27827524 0.02137055 0.68827866
0.27827524 0.02137055 0.68827866
0.28614749 0.02158963 0.68054325
0.28265418 0.02179009 0.67768054
0.28265418 0.02179009 0.67768054
0.28265418 0.02179009 0.67768054
0.28528726 0.02196634 0.67388099
0.28544704 0.02197703 0.67365043
0.28521698 0.02196164 0.6739824 
0.28521698 0.02196164 0.6739824 
0.28521698 0.02196164 0.6739824 
0.28521191 0.02196171 0.67397233
0.28507697 0.02196103 0.6734925 
0.28260815 0.02192836 0.67189288
0.27522812 0.02186259 0.66988969
0.27481391 0.02184201 0.66601628
0.27319293 0.02164049 0.67504705
0.27319293 0.02164049 0.67504705
0.28454513 0.0218097  0.68035224
0.28271625 0.02175485 0.68465383
0.28266521 0.02173453 0.68580142
0.28304168 0.02188438 0.67733715
0.28304168 0.02188438 0.67733715
0.28619868 0.02177432 0.68624352
0.28219305 0.02191979 0.67329946
0.28250276 0.02187443 0.67292658
0.29555396 0.02194465 0.67467144
0.30168268 0.02191357 0.67897375
0.30951866 0.02154779 0.6721125 
0.30817523 0.02125345 0.67017725
0.30782378 0.0212352  0.6702746 
0.3069961  0.02132789 0.67171384
0.30717655 0.02126761 0.67122101
0.30808217 0.02119146 0.67101992
0.30808217 0.02119146 0.67101992
0.31168102 0.02136938 0.6737683 
0.31987439 0.02134612 0.6776439 
0.31987439 0.02134612 0.6776439 
0.31987439 0.02134612 0.6776439 
0.31051703 0.02142325 0.67163887
0.3104349  0.02130947 0.67040195
0.32161797 0.02099976 0.67474463
0.31134415 0.02157061 0.68034014
0.31134415 0.02157061 0.68034014
0.31050126 0.02132212 0.68378004
0.31050126 0.02132212 0.68378004
0.31050126 0.02132212 0.68378004
0.31050126 0.02132212 0.68378004
0.31003786 0.02257469 0.68931592
0.31003786 0.02257469 0.68931592
0.29539405 0.0221062  0.68000117
0.29702573 0.02214661 0.68165936
0.29515542 0.02214398 0.67985994
0.29515542 0.02214398 0.67985994
0.29260526 0.02210262 0.67879151
0.30127235 0.02229132 0.68619941
0.30127235 0.02229132 0.68619941
0.28896279 0.02237819 0.68242815
0.28814726 0.02242431 0.68283334
0.29635479 0.02230349 0.68290632
0.29220427 0.02236459 0.68286941
0.29213324 0.0223371  0.68289382
0.31581902 0.02263226 0.69642407
0.32060274 0.02243115 0.69651078
0.31757394 0.0223458  0.69519882
0.31757394 0.0223458  0.69519882
0.32166387 0.02237572 0.69900513
0.32166387 0.02237572 0.69900513
0.31757722 0.02230204 0.69578902
0.31865075 0.02232379 0.69665824
0.32388791 0.02238192 0.70102707
0.32388791 0.02238192 0.70102707
0.32388791 0.02238192 0.70102707
0.30364578 0.02213535 0.68928708
0.30364578 0.02213535 0.68928708
0.31662454 0.02183779 0.6894628 
0.31662454 0.02183779 0.6894628 
0.31662454 0.02183779 0.6894628 
0.31662454 0.02183779 0.6894628 
0.31490658 0.02192837 0.68351346
0.31470375 0.02193134 0.68335851
0.31646339 0.02209006 0.68633367
0.31621104 0.02205432 0.68544494
0.31636442 0.02205342 0.68599186
0.32472441 0.0220142  0.68372931
0.32472441 0.0220142  0.68372931
0.32472441 0.0220142  0.68372931
0.34108723 0.02221392 0.69619837
0.33312074 0.02222502 0.69321111
0.32610584 0.02213554 0.68765586
0.33492247 0.02211743 0.6923053 
0.33492247 0.02211743 0.6923053 
0.33492247 0.02211743 0.6923053 
0.31740315 0.02215976 0.68405956
0.30958941 0.02213047 0.68502205
0.30939959 0.02229875 0.68528061
0.30294241 0.02221583 0.6896764 
0.30344682 0.02222231 0.68933301
0.3191761  0.02233278 0.7059064 
0.3191761  0.02233278 0.7059064 
0.3191761  0.02233278 0.7059064 
0.31781316 0.02233528 0.69388497
0.31672291 0.02232344 0.69320928
0.31214422 0.02236918 0.69458045
0.30580674 0.02229828 0.68541863
0.30261645 0.02226259 0.68080656
0.30041763 0.02223963 0.68227478
0.29333552 0.0223593  0.68388553
0.29235807 0.02233868 0.68271853
0.29233833 0.02241648 0.68282335
0.29233833 0.02241648 0.68282335
0.28605018 0.02242764 0.68677818
0.28605018 0.02242764 0.68677818
0.28632828 0.02240019 0.68657963
0.28660505 0.02246992 0.6897595 
0.27975189 0.02259311 0.69124969
0.27348408 0.02258173 0.69283178
0.27348408 0.02258173 0.69283178
0.27763782 0.02252378 0.69074907
0.27945192 0.02249847 0.68983947
0.28528163 0.02245605 0.68843702
0.27131911 0.02248286 0.68388365
0.27131911 0.02248286 0.68388365
0.27131911 0.02248286 0.68388365
0.27373911 0.02246123 0.68324117
0.26562137 0.02298113 0.69278751
0.27522716 0.02280923 0.68924325
0.27715712 0.0230584  0.70044856
0.27715712 0.0230584  0.70044856
0.27715712 0.0230584  0.70044856
0.29458673 0.02271762 0.69329225
0.29095235 0.02259795 0.68825153
0.29086586 0.02254067 0.68329659
0.28646215 0.02218249 0.67282836
0.28646215 0.02218249 0.67282836
0.29032869 0.02254914 0.68773866
0.29032869 0.02254914 0.68773866
0.28619787 0.02217901 0.67447118
0.28438152 0.02235541 0.67979032
0.27598833 0.02237786 0.67747918
0.29421909 0.02236876 0.67918177
0.29462811 0.02228044 0.67447471
0.29330154 0.02221798 0.67271576
0.29330154 0.02221798 0.67271576
0.29248509 0.02219325 0.67202761
0.29191443 0.02221154 0.6718918 
0.28871664 0.02231531 0.66675024
0.28853635 0.02233835 0.66664239
0.28816114 0.02212074 0.68752831
0.28816114 0.02212074 0.68752831
0.28816114 0.02212074 0.68752831
0.28816114 0.02212074 0.68752831
0.28816114 0.02212074 0.68752831
0.28899484 0.02212039 0.68996135
0.28899484 0.02212039 0.68996135
0.28884597 0.02211882 0.69000158
0.28884597 0.02211882 0.69000158
0.28884597 0.02211882 0.69000158
0.29274115 0.02223874 0.6886442 
0.29274115 0.02223874 0.6886442 
0.29326487 0.02225803 0.68966475
0.29197069 0.02230361 0.69023624
0.29017725 0.02238682 0.69233628
0.29017725 0.02238682 0.69233628
0.29017725 0.02238682 0.69233628
0.29017725 0.02238682 0.69233628
0.29017725 0.02238682 0.69233628
0.29017725 0.02238682 0.69233628
0.29017725 0.02238682 0.69233628
0.29017725 0.02238682 0.69233628
0.29017725 0.02238682 0.69233628
0.28014353 0.02238828 0.68974954
0.2803736  0.02237228 0.68800035
0.28706367 0.02230417 0.68837025
0.28706367 0.02230417 0.68837025
0.290336   0.02227085 0.68855117
0.28896785 0.02217884 0.68456758
0.29199655 0.02211565 0.68323512
0.29199655 0.02211565 0.68323512
0.29199655 0.02211565 0.68323512
0.28867653 0.02221448 0.67485778
0.2994618  0.02214358 0.67529882
0.29905151 0.02212731 0.67476721
0.29724073 0.02210313 0.67342731
0.29700501 0.0221104  0.67307477
0.29700501 0.0221104  0.67307477
0.29444073 0.02227891 0.67870696
0.29444073 0.02227891 0.67870696
0.29444073 0.02227891 0.67870696
0.29514829 0.02227209 0.68228556
0.29514829 0.02227209 0.68228556
0.27844133 0.0228632  0.68125284
0.27844133 0.0228632  0.68125284
0.27881651 0.02282488 0.68063369
0.28446585 0.02271017 0.68307773
0.28346611 0.02235856 0.6746839 
0.28346611 0.02235856 0.6746839 
0.28346611 0.02235856 0.6746839 
0.27403619 0.0214229  0.66641569
0.27403619 0.0214229  0.66641569
0.28185219 0.02167296 0.67138735
0.28944835 0.0216815  0.67729976
0.2955835  0.02185224 0.67127124
0.2955835  0.02185224 0.67127124
0.29550302 0.02190709 0.67288595
0.298368   0.02186419 0.67146314
0.31689465 0.02196123 0.67852728
0.30512303 0.02200271 0.6766599 
0.30090744 0.02203278 0.68011526
0.29651491 0.02198978 0.67741295
0.29703578 0.02203678 0.67684301
0.29389586 0.02202895 0.67495675
0.29389586 0.02202895 0.67495675
0.29389586 0.02202895 0.67495675
0.29389876 0.02202413 0.67515627
0.27855966 0.02181572 0.66217074
0.2764461  0.02204493 0.65692305
0.2764461  0.02204493 0.65692305
0.27566503 0.02206497 0.65558575
0.27325245 0.02212687 0.65145501
0.27325245 0.02212687 0.65145501
0.27495544 0.02216629 0.65452471
0.27495544 0.02216629 0.65452471
0.27495544 0.02216629 0.65452471
0.27609313 0.02214133 0.65358778
0.27272136 0.02214277 0.65230983
0.27926657 0.02215398 0.65551492
0.27926657 0.02215398 0.65551492
0.27926657 0.02215398 0.65551492
0.27926657 0.02215398 0.65551492
0.29165525 0.02211877 0.66318602
0.29165525 0.02211877 0.66318602
0.29159448 0.02212031 0.66315597
0.28429833 0.02215326 0.66090476
0.27203968 0.02226591 0.66124338
0.27522809 0.02216494 0.66169105
0.27717176 0.02215603 0.66215051
0.27731428 0.02203242 0.65971512
0.28464264 0.02182583 0.66161328
0.28248926 0.02193664 0.65957378
0.28145315 0.02204385 0.66088245
0.28153754 0.02202593 0.66115829
0.28153754 0.02202593 0.66115829
0.28077104 0.02202248 0.66089586
0.26956738 0.02185916 0.65024913
0.27543629 0.02190078 0.65660826
0.28031393 0.02182403 0.65991589
0.28031393 0.02182403 0.65991589
0.27514207 0.02192078 0.65817822
0.27514207 0.02192078 0.65817822
0.27514207 0.02192078 0.65817822
0.27514207 0.02192078 0.65817822
0.26000915 0.02170763 0.65806066
0.26000915 0.02170763 0.65806066
0.25896378 0.02169357 0.65723304
0.25896378 0.02169357 0.65723304
0.26907911 0.02171079 0.66029539
0.26991028 0.02173302 0.66110373
0.27167966 0.02174668 0.66213419
0.27167966 0.02174668 0.66213419
0.27942467 0.02190717 0.6670962 
0.27942467 0.02190717 0.6670962 
0.29164852 0.02193081 0.66856869
0.29164852 0.02193081 0.66856869
0.29189413 0.02193251 0.66876792
0.29014073 0.02197751 0.66719121
0.29014073 0.02197751 0.66719121
0.29014073 0.02197751 0.66719121
0.29014073 0.02197751 0.66719121
0.28559081 0.02207111 0.66923742
0.28109792 0.02219259 0.6631337 
0.27260833 0.02215502 0.6556156 
0.27260833 0.02215502 0.6556156 
0.27870735 0.02219223 0.6580993 
0.27870735 0.02219223 0.6580993 
0.29139115 0.02200751 0.65095101
0.29139115 0.02200751 0.65095101
0.2903526  0.02208094 0.665358  
0.2925407  0.02216906 0.6660905 
0.28220592 0.0224071  0.65853059
0.29048054 0.02231109 0.66332274
0.29051809 0.02231039 0.66337281
0.29051809 0.02231039 0.66337281
0.29051809 0.02231039 0.66337281
0.29051809 0.02231039 0.66337281
0.29051809 0.02231039 0.66337281
0.29051809 0.02231039 0.66337281
0.28386987 0.02204399 0.66035279
0.29156506 0.02230664 0.66416273
0.29156506 0.02230664 0.66416273
0.29748513 0.02219251 0.68061554
0.29773742 0.02219561 0.68065759
0.30693503 0.0218774  0.68037386
0.32884782 0.02180899 0.70227842
0.33923547 0.02201502 0.71699843
0.30591576 0.02162441 0.68161608
0.31600542 0.02154575 0.6901681 
0.32287757 0.02177547 0.70806091
0.30948646 0.02252409 0.69226817
0.30948646 0.02252409 0.69226817
0.30948646 0.02252409 0.69226817
0.32931838 0.02299334 0.71307969
0.31996035 0.02269582 0.70853278
0.31996035 0.02269582 0.70853278
0.31649226 0.02246745 0.70277854
0.31860545 0.022169   0.69150974
0.322626   0.02214063 0.69274151
0.31786726 0.02210347 0.68903332
0.32403709 0.02208247 0.69333146
0.32688036 0.02207163 0.6953036 
0.32688036 0.02207163 0.6953036 
0.32688036 0.02207163 0.6953036 
0.32908665 0.02207449 0.69666457
0.34118255 0.02217558 0.70491834
0.31470689 0.02204994 0.69085701
0.31028641 0.02202719 0.68657676
0.31831083 0.02220934 0.68793174
0.31831083 0.02220934 0.68793174
0.30416021 0.02215377 0.67745056
0.2920869  0.02211715 0.67521017
0.29980138 0.02188432 0.66627804
0.32105038 0.02179138 0.66955793
0.32105038 0.02179138 0.66955793
0.3315653  0.02174539 0.67118097
0.3315653  0.02174539 0.67118097
0.33104919 0.02181029 0.66864654
0.33104919 0.02181029 0.66864654
0.33104919 0.02181029 0.66864654
0.33254362 0.02182538 0.66930067
0.33254362 0.02182538 0.66930067
0.32085018 0.02191151 0.66666606
0.32085018 0.02191151 0.66666606
0.32085018 0.02191151 0.66666606
0.31145076 0.02190377 0.66015472
0.30442233 0.02200827 0.67331009
0.30954818 0.02215306 0.67638659
0.30954818 0.02215306 0.67638659
0.30862709 0.0221305  0.67782642
0.30924871 0.02213289 0.67821687
0.31105342 0.02216645 0.67971798
0.31105342 0.02216645 0.67971798
0.30102593 0.0220975  0.67222466
0.29773101 0.0218477  0.66575782
0.29258589 0.02176609 0.66097113
0.29258589 0.02176609 0.66097113
0.29916632 0.02181185 0.6550096 
0.29916632 0.02181185 0.6550096 
0.29916632 0.02181185 0.6550096 
0.31750285 0.02221757 0.70194613
0.32932472 0.02219845 0.71468561
0.32932472 0.02219845 0.71468561
0.32757535 0.02221684 0.70985157
0.32757535 0.02221684 0.70985157
0.3121605  0.0221822  0.69559131
0.32018909 0.02211268 0.69327549
0.31310625 0.02204537 0.68870821
0.30941989 0.02201803 0.68560224
0.30399104 0.02196764 0.68266738
0.29615254 0.02197161 0.67885594
0.29615254 0.02197161 0.67885594
0.29893927 0.0216952  0.66842495
0.29901054 0.02173948 0.66922087
0.30300047 0.02180847 0.67333853
0.30538513 0.02179386 0.67364835
0.30472969 0.0218023  0.6743553 
0.30864723 0.02177098 0.67691866
0.31187528 0.02180172 0.67783893
0.32009209 0.02164243 0.67870515
0.31320721 0.02171945 0.67605845
0.31320721 0.02171945 0.67605845
0.30138146 0.02199975 0.67476247
0.30453366 0.02201958 0.67431994
0.30453366 0.02201958 0.67431994
0.30453366 0.02201958 0.67431994
0.31053676 0.02202527 0.67667454
0.31053676 0.02202527 0.67667454
0.31219736 0.0220342  0.67689655
0.3119061  0.02207087 0.67555167
0.3119061  0.02207087 0.67555167
0.31180929 0.02207202 0.67558099
0.31204842 0.02206082 0.67581352
0.31371541 0.02206906 0.6765461 
0.31371541 0.02206906 0.6765461 
0.30764136 0.02175589 0.67124133
0.30744291 0.02177941 0.67157702
0.29644312 0.02149317 0.66466977
0.29644312 0.02149317 0.66466977
0.29644312 0.02149317 0.66466977
0.29644312 0.02149317 0.66466977
0.29644312 0.02149317 0.66466977
0.29644312 0.02149317 0.66466977
0.30229131 0.02137307 0.66838064
0.30229131 0.02137307 0.66838064
0.29892557 0.02145841 0.66754081
0.29947638 0.02107749 0.65608526
0.29427342 0.02128558 0.66034897
0.29427342 0.02128558 0.66034897
0.2953355  0.02180208 0.6700165 
0.3049444  0.02161311 0.69177853
0.30263919 0.02117792 0.69289307
0.30263919 0.02117792 0.69289307
0.29675968 0.02134084 0.68537793
0.29193516 0.02125752 0.68528614
0.29007967 0.02140188 0.68208034
0.27738569 0.02153095 0.67194067
0.27563773 0.02128024 0.67739679
0.27563773 0.02128024 0.67739679
0.29068949 0.02155585 0.68231216
0.29162813 0.02162728 0.68171832
0.29253765 0.02163092 0.6817649 
0.29253765 0.02163092 0.6817649 
0.29248686 0.02163322 0.6817109 
0.29383423 0.02165948 0.68122094
0.29383423 0.02165948 0.68122094
0.28960823 0.02155779 0.6830851 
0.28960823 0.02155779 0.6830851 
0.28777884 0.02161962 0.68243724
0.28777884 0.02161962 0.68243724
0.28777884 0.02161962 0.68243724
0.27669576 0.02165337 0.68014249
0.29419134 0.02183858 0.68092151
0.28890044 0.0219688  0.67912105
0.29293505 0.0218349  0.69175655
0.29293505 0.0218349  0.69175655
0.28755481 0.02184737 0.69462222
0.29437439 0.02190016 0.68929649
0.29305316 0.02194771 0.67231388
0.30335925 0.02191043 0.67131914
0.27929775 0.02163576 0.66165716
0.27929775 0.02163576 0.66165716
0.2834914  0.02170308 0.66323639
0.26804035 0.02184351 0.65647364
0.2835261  0.02191998 0.66327904
0.2859148  0.02205336 0.66331107
0.28412958 0.02195368 0.66328713
0.28226521 0.0217845  0.65664398
0.28129997 0.02169297 0.65292176
0.28129997 0.02169297 0.65292176
0.27639521 0.02175768 0.64911667
0.291762   0.02164201 0.66197534
0.291762   0.02164201 0.66197534
0.291762   0.02164201 0.66197534
0.27780355 0.02148825 0.65216637
0.27704153 0.02148673 0.65224658
0.27113997 0.02121674 0.64468751
0.27113997 0.02121674 0.64468751
0.2660355  0.02110941 0.63897746
0.27714621 0.02151812 0.65138645
0.28471704 0.02227059 0.6666155 
0.28471704 0.02227059 0.6666155 
0.29167018 0.02207873 0.67085687
0.28080135 0.02212375 0.66604984
0.28080135 0.02212375 0.66604984
0.28080135 0.02212375 0.66604984
0.28882744 0.02220104 0.6743093 
0.28882744 0.02220104 0.6743093 
0.28829272 0.02216751 0.66954408
0.28829272 0.02216751 0.66954408
0.28881315 0.02220235 0.66879311
0.28944677 0.02221437 0.66933899
0.28944677 0.02221437 0.66933899
0.28769312 0.02216062 0.66894655
0.28746644 0.02214653 0.66856019
0.29382652 0.02218406 0.66851677
0.29380191 0.02218515 0.66848687
0.30213038 0.02234354 0.67186921
0.30213038 0.02234354 0.67186921
0.29011587 0.02244344 0.6806611 
0.29004097 0.02241704 0.68071802
0.29388785 0.02230907 0.6817763 
0.29388785 0.02230907 0.6817763 
0.29427672 0.02236717 0.68329465
0.3018025  0.02236441 0.68074744
0.29057075 0.02189392 0.66536158
0.29877144 0.02223744 0.67659533
0.30631499 0.02212425 0.67534987
0.30630641 0.02212445 0.67534718
0.29531321 0.02226403 0.67832427
0.29510984 0.02225494 0.67862538
0.30449025 0.02214432 0.69323312
0.30449025 0.02214432 0.69323312
0.30141922 0.02211641 0.68930799
0.294483   0.02215605 0.69191388
0.294483   0.02215605 0.69191388
0.294483   0.02215605 0.69191388
0.294483   0.02215605 0.69191388
0.29760669 0.02186047 0.69505329
0.29760669 0.02186047 0.69505329
0.3075283  0.02199891 0.70852706
0.3075283  0.02199891 0.70852706
0.29999212 0.02182831 0.68627567
0.29999212 0.02182831 0.68627567
0.30024876 0.0217775  0.68427823
0.29801648 0.0220871  0.68644761
0.29322624 0.02206915 0.68703767
0.28378857 0.02170491 0.66894105
0.28460147 0.02170767 0.66923726
0.28460147 0.02170767 0.66923726
0.27536163 0.02157167 0.66073674
0.27627569 0.02167426 0.65682039
0.27601023 0.02173199 0.65713835
0.27601023 0.02173199 0.65713835
0.26512696 0.02175863 0.64996566
0.26051798 0.02165126 0.64523618
0.259333   0.02164383 0.64349939
0.259333   0.02164383 0.64349939
0.25965091 0.02164893 0.64366895
0.25965091 0.02164893 0.64366895
0.25965091 0.02164893 0.64366895
0.26581243 0.02166343 0.64649377
0.26581243 0.02166343 0.64649377
0.27130494 0.02178824 0.6521299 
0.27130494 0.02178824 0.6521299 
0.26834104 0.02176881 0.64966188
0.27343464 0.0217735  0.65311841
0.27422803 0.02181291 0.66053758
0.29573755 0.02203357 0.67224968
0.28229055 0.02202934 0.6660037 
0.28498142 0.02214435 0.66332889
0.28368835 0.02214177 0.66279794
0.28368835 0.02214177 0.66279794
0.28368835 0.02214177 0.66279794
0.29095212 0.02226693 0.66308573
0.29560507 0.0222962  0.66557587
0.29686221 0.0222547  0.66156131
0.30996361 0.02231544 0.66658215
0.30996361 0.02231544 0.66658215
0.30996361 0.02231544 0.66658215
0.30996361 0.02231544 0.66658215
0.31749449 0.02186946 0.6781878 
0.31749449 0.02186946 0.6781878 
0.31749449 0.02186946 0.6781878 
0.30549078 0.02206566 0.67159557
0.32264828 0.02217946 0.67809194
0.32576262 0.02225613 0.68308078
0.3258948  0.02228694 0.68299821
0.32648016 0.02242334 0.68263255
0.33137531 0.02250363 0.68395035
0.33137531 0.02250363 0.68395035
0.33124745 0.02251016 0.68399315
0.32748723 0.02251661 0.68460639
0.32961118 0.02258663 0.6859704 
0.32862095 0.02267411 0.68478933
0.32862095 0.02267411 0.68478933
0.3194525  0.02255357 0.6786533 
0.31949021 0.02245742 0.6792231 
0.31893641 0.02242121 0.67878832
0.31893641 0.02242121 0.67878832
0.29404245 0.02265    0.67353508
0.29404245 0.02265    0.67353508
0.28597788 0.02276439 0.67194883
0.27853811 0.02272509 0.66488835
0.27853811 0.02272509 0.66488835
0.28501979 0.02201505 0.67475709
0.28945058 0.02229603 0.67639172
0.29596235 0.02224986 0.67769143
0.29596235 0.02224986 0.67769143
0.29596235 0.02224986 0.67769143
0.29596235 0.02224986 0.67769143
0.29596235 0.02224986 0.67769143
0.29625943 0.02230355 0.67733807
0.29949603 0.02240377 0.67832164
0.2996252  0.02241797 0.67825918
0.2996252  0.02241797 0.67825918
0.29476225 0.0223703  0.67683915
0.2852141  0.02228738 0.67396686
0.28449726 0.02233247 0.67495274
0.28175427 0.02238565 0.67466357
0.28284939 0.0222464  0.67607663
0.28290122 0.02243778 0.67273722
0.2826503  0.02253215 0.67590568
0.29191194 0.02287996 0.69461907
0.29191194 0.02287996 0.69461907
0.29191194 0.02287996 0.69461907
0.29191194 0.02287996 0.69461907
0.29191194 0.02287996 0.69461907
0.29342886 0.02324121 0.69979803
0.29342886 0.02324121 0.69979803
0.2953568  0.02326287 0.69972095
0.2953568  0.02326287 0.69972095
0.29938732 0.02297261 0.69394803
0.30148404 0.02308398 0.69423445
0.30148404 0.02308398 0.69423445
0.29802015 0.02289639 0.68751663
0.30292506 0.02327952 0.70330206
0.30292506 0.02327952 0.70330206
0.30300131 0.02329458 0.70369138
0.30300131 0.02329458 0.70369138
0.30298472 0.02330348 0.70390544
0.31517993 0.02295991 0.69533371
0.30745902 0.02259391 0.68513075
0.30803344 0.02262875 0.6859781 
0.30916578 0.02271459 0.68820051
0.31204643 0.02276738 0.68802026
0.30558735 0.02257925 0.68339032
0.30551591 0.02256169 0.68307109
0.30551591 0.02256169 0.68307109
0.30551591 0.02256169 0.68307109
0.29938281 0.02171611 0.67204061
0.29785603 0.02180533 0.67272511
0.28307126 0.02172016 0.66788151
0.28153107 0.02176284 0.66591286
0.2705921  0.02169324 0.66174168
0.27637856 0.02168399 0.66478354
0.27766    0.02170854 0.66585113
0.27766    0.02170854 0.66585113
0.28000099 0.02171629 0.66873458
0.28050532 0.0216527  0.6700294 
0.28050532 0.0216527  0.6700294 
0.28050532 0.0216527  0.6700294 
0.28050532 0.0216527  0.6700294 
0.28087897 0.02161512 0.67123385
0.28163115 0.02160151 0.67273476
0.2826352  0.02163452 0.67231719
0.28258055 0.02163182 0.67233594
0.28136724 0.02151124 0.66914157
0.28027694 0.02162948 0.66643451
0.28027694 0.02162948 0.66643451
0.28035711 0.02164871 0.666735  
0.27865011 0.02151327 0.66427017
0.27494189 0.02129296 0.6456808 
0.27494189 0.02129296 0.6456808 
0.27508696 0.02124531 0.64415103
0.27508696 0.02124531 0.64415103
0.27508696 0.02124531 0.64415103
0.27508696 0.02124531 0.64415103
0.27508696 0.02124531 0.64415103
0.27508696 0.02124531 0.64415103
0.27508696 0.02124531 0.64415103
0.27263965 0.02118722 0.64230229
0.27263965 0.02118722 0.64230229
0.27004334 0.02106003 0.63945092
0.27317161 0.02110147 0.64123488
0.27814009 0.02144774 0.64757575
0.27718687 0.02137349 0.64564653
0.27718687 0.02137349 0.64564653
0.27718687 0.02137349 0.64564653
0.2779929  0.02144382 0.64811822
0.28606694 0.0216248  0.6559482 
0.28606694 0.0216248  0.6559482 
0.28559276 0.02161551 0.65565387
0.28704793 0.02168611 0.65870822
0.2906987  0.02161114 0.66102475
0.2998194  0.02123323 0.66114317
0.2998194  0.02123323 0.66114317
0.2998194  0.02123323 0.66114317
0.30515094 0.02118291 0.66190666
0.2996637  0.02159062 0.67229095
0.27377543 0.02191786 0.66399769
0.26428585 0.02161194 0.66172727
0.27318806 0.02166322 0.6646437 
0.27318806 0.02166322 0.6646437 
0.27318806 0.02166322 0.6646437 
0.27318806 0.02166322 0.6646437 
0.27504964 0.02172038 0.66378644
0.27504964 0.02172038 0.66378644
0.27493584 0.02180556 0.66115255
0.27493584 0.02180556 0.66115255
0.28077582 0.0218654  0.66783259
0.28482562 0.0219913  0.67255257
0.27640903 0.02194459 0.66884839
0.26728227 0.02202742 0.66869798
0.26728227 0.02202742 0.66869798
0.26728227 0.02202742 0.66869798
0.26520673 0.02208053 0.6682087 
0.26029488 0.02220739 0.66704186
0.26665671 0.02233351 0.67495706
0.27256759 0.02239638 0.6777977 
0.26299234 0.02253605 0.6794005 
0.27379943 0.02231371 0.67454029
0.27309658 0.02235776 0.67374312
0.26737532 0.02233298 0.66074786
0.26053086 0.02248349 0.66636704
0.26059746 0.02248124 0.66634907
0.26059746 0.02248124 0.66634907
0.26280719 0.02242379 0.66706026
0.26035372 0.02193788 0.64463064
0.28511788 0.02198389 0.66004311
0.28511788 0.02198389 0.66004311
0.28795856 0.02215381 0.65925533
0.28795856 0.02215381 0.65925533
0.28516052 0.02206907 0.66045057
0.28050836 0.02204484 0.65562047
0.28050836 0.02204484 0.65562047
0.28050836 0.02204484 0.65562047
0.28050836 0.02204484 0.65562047
0.28050836 0.02204484 0.65562047
0.28287458 0.02188965 0.65864281
0.29030062 0.02178056 0.66245642
0.29030062 0.02178056 0.66245642
0.29030062 0.02178056 0.66245642
0.28576905 0.02199258 0.66082354
0.28332418 0.02195111 0.65677188
0.27634833 0.02197288 0.64979865
0.27515372 0.02197115 0.64900612
0.27515372 0.02197115 0.64900612
0.27026497 0.02195282 0.64206261
0.27026497 0.02195282 0.64206261
0.28366452 0.02212152 0.65857095
0.28366452 0.02212152 0.65857095
0.27783489 0.02205892 0.65860458
0.27783489 0.02205892 0.65860458
0.27783489 0.02205892 0.65860458
0.27783489 0.02205892 0.65860458
0.27783489 0.02205892 0.65860458
0.28157114 0.02213125 0.65887613
0.27638531 0.02217218 0.65945168
0.27638531 0.02217218 0.65945168
0.26967742 0.02210225 0.64968058
0.27769913 0.0221473  0.65822901
0.27591441 0.02211448 0.65523062
0.27614798 0.02209099 0.65598353
0.27907767 0.022112   0.65178201
0.28286736 0.02213917 0.64634716
0.27919965 0.02200638 0.65765025
0.27919965 0.02200638 0.65765025
0.27919965 0.02200638 0.65765025
0.27101173 0.02202799 0.65051013
0.27618697 0.02212348 0.6616874 
0.27506294 0.02221303 0.66773838
0.27503395 0.02199265 0.66245505
0.27503395 0.02199265 0.66245505
0.27503395 0.02199265 0.66245505
0.27503395 0.02199265 0.66245505
0.2762564  0.02199373 0.66295913
0.27726802 0.02264114 0.67922901
0.27726802 0.02264114 0.67922901
0.27788059 0.02261694 0.67950853
0.27852866 0.02240046 0.66828944
0.27852866 0.02240046 0.66828944
0.27921684 0.02240171 0.66646311
0.27921684 0.02240171 0.66646311
0.27921684 0.02240171 0.66646311
0.28553208 0.02230008 0.67699148
0.28759885 0.02226848 0.67564891
0.28759885 0.02226848 0.67564891
0.2914759  0.02262029 0.68946372
0.29250013 0.02269789 0.69338383
0.29250013 0.02269789 0.69338383
0.29250013 0.02269789 0.69338383
0.29326269 0.02257528 0.690188  
0.29326269 0.02257528 0.690188  
0.29532139 0.02246089 0.68906675
0.29532139 0.02246089 0.68906675
0.29681798 0.02205242 0.67977594
0.29681798 0.02205242 0.67977594
0.29681798 0.02205242 0.67977594
0.29277786 0.02210226 0.68532199
0.29762523 0.02223746 0.65835287
0.29762523 0.02223746 0.65835287
0.30778461 0.02238056 0.65843179
0.30778461 0.02238056 0.65843179
0.30778461 0.02238056 0.65843179
0.30778461 0.02238056 0.65843179
0.28702768 0.02208819 0.65827055
0.28702768 0.02208819 0.65827055
0.28702768 0.02208819 0.65827055
0.28723515 0.02209711 0.65911307
0.28182073 0.02211262 0.65442849
0.2821013  0.02211586 0.65530757
0.28365013 0.02203919 0.66459098
0.28292579 0.02195017 0.66584361
0.28454754 0.02195155 0.66612024
0.28454754 0.02195155 0.66612024
0.25971484 0.02206595 0.66629612
0.25971484 0.02206595 0.66629612
0.25757244 0.02205193 0.66601462
0.26317414 0.02204195 0.65955212
0.2816037  0.02191259 0.66575371
0.2816037  0.02191259 0.66575371
0.29200689 0.02202806 0.67443202
0.30289814 0.02178862 0.66945613
0.30289814 0.02178862 0.66945613
0.28965293 0.0220055  0.66848325
0.29100507 0.02184952 0.65809808
0.28905276 0.02193656 0.66076611
0.28939766 0.02193654 0.66096002
0.26774957 0.02184382 0.64582844
0.2808498  0.02204066 0.66153177
0.2808498  0.02204066 0.66153177
0.28042413 0.02192564 0.66247381
0.27824718 0.02185972 0.66340374
0.27759211 0.02185476 0.66320677
0.27433882 0.0216723  0.65755868
0.26525783 0.02137338 0.65304611
0.26998784 0.02148772 0.65404673
0.26998784 0.02148772 0.65404673
0.26527524 0.02140932 0.65114646
0.26527524 0.02140932 0.65114646
0.26947238 0.02147158 0.65304331
0.26947238 0.02147158 0.65304331
0.26947238 0.02147158 0.65304331
0.2661687  0.02146497 0.65339106
0.26453887 0.02138365 0.65396623
0.26547779 0.02143562 0.65352749
0.29158724 0.02164665 0.66756056
0.29794499 0.02154662 0.67187189
0.29501794 0.02151017 0.67051962
0.31074716 0.02148922 0.6800531 
0.31031391 0.02184487 0.68425096
0.31599555 0.02233861 0.67785314
0.31599555 0.02233861 0.67785314
0.34011919 0.02208971 0.68620283
0.34574089 0.02203355 0.68451931
0.3422131  0.02192198 0.68692274
0.3422131  0.02192198 0.68692274
0.32080499 0.02200094 0.68815781
0.32080499 0.02200094 0.68815781
0.32080499 0.02200094 0.68815781
0.30859868 0.02212325 0.6830152 
0.31632066 0.02210145 0.68820569
0.31943463 0.02209265 0.6902988 
0.31980008 0.02210612 0.69251134
0.31030612 0.02204388 0.68460581
0.31030612 0.02204388 0.68460581
0.31021637 0.02205446 0.68451492
0.31943793 0.02227671 0.68515472
0.31566662 0.02203984 0.68150651
0.33808532 0.02225063 0.68491598
0.33191734 0.02223796 0.68260132
0.32937135 0.02223288 0.68155591
0.33078334 0.02224953 0.68228544
0.33078334 0.02224953 0.68228544
0.33078334 0.02224953 0.68228544
0.33488621 0.02226679 0.68122688
0.32951923 0.02224001 0.68012291
0.32618489 0.02221102 0.67958774
0.3284265  0.02219659 0.68138498
0.32658698 0.02216378 0.6801009 
0.32791352 0.02216858 0.68084362
0.33520943 0.02192335 0.67661325
0.33520943 0.02192335 0.67661325
0.33520943 0.02192335 0.67661325
0.33520943 0.02192335 0.67661325
0.33638826 0.02188182 0.67580619
0.33601435 0.02188607 0.67606018
0.31267365 0.02168269 0.6639931 
0.30548513 0.02196144 0.6716322 
0.30993122 0.02199258 0.67507346
0.29316656 0.02174866 0.66968893
0.28221451 0.02188214 0.663371  
0.28221451 0.02188214 0.663371  
0.28221451 0.02188214 0.663371  
0.28221451 0.02188214 0.663371  
0.28193991 0.02178115 0.6609674 
0.28181998 0.02177963 0.66086306
0.29657789 0.02240626 0.68132529
0.29657789 0.02240626 0.68132529
