3.1511594257509907e-37 157.47922057319144 0.48244941 0.02088166 0.86885364
8.010510567065737e-37 156.5802509793948 0.45981631 0.02029111 0.87443728
4.27337290593756e-29 119.98879185181876 0.38685802 0.02112436 0.89488365
2.322819282049447e-28 116.98512212185973 0.41220806 0.02043393 0.8630763 
1.04779635644237e-26 108.9811365330688 0.36155438 0.02299898 0.89816261
8.39496068449958e-26 105.02187940721592 0.4494277  0.02117724 0.83384073
7.314870151292583e-25 100.6238611229079 0.46409313 0.02334487 0.81210538
1.4846101571588773e-24 100.13447104249556 0.18223792 0.0235487  0.52564597
2.595385113049209e-24 98.60530519718009 0.32324558 0.02371325 0.89857635
5.170106435347894e-24 97.27110152040399 0.1562531  0.02014764 0.56247078
1.1202966655140167e-23 95.59514516575953 0.38537242 0.02150928 0.86729199
4.3669046777651256e-23 92.5256990229453 0.39583164 0.02399435 0.82975819
5.298626245068452e-22 87.26248838802445 0.40272174 0.02212325 0.84511049
1.0216062131830885e-21 87.09477083885727 0.1711998  0.02361156 0.56128368
1.2792110654156877e-21 86.38274327653687 0.4315777  0.02039659 0.80582725
5.621084630224193e-21 82.62477125695433 0.22765116 0.02246054 0.50998373
1.194753772817977e-20 81.84793694443347 0.34217163 0.02320093 0.86909343
1.720174730574624e-20 81.11825163041856 0.31525681 0.02380762 0.87242901
5.966803199721923e-20 77.92520501424117 0.38217497 0.02053953 0.82814479
2.885557685249302e-19 74.75739419987002 0.2770338  0.02277178 0.50143822
6.819682449895603e-19 73.49829155061016 0.1115653  0.02063422 0.65581076
1.0275942593312326e-18 72.92376297916724 0.48102032 0.02037008 0.75168242
1.2347852470051058e-18 72.6895191265435 0.31533361 0.02398129 0.5178508 
1.3416180723864237e-18 72.54770290783073 0.49415374 0.0227085  0.76132292
1.726548697753779e-18 71.72269540085546 0.31847384 0.02247431 0.87855723
3.6854729666271595e-18 69.82468022685316 0.25092761 0.02079614 0.53265366
5.269515529146618e-18 69.8183812387809 0.28729275 0.0236426  0.52475131
2.0714052963650174e-17 65.94724545111764 0.25398924 0.02054289 0.5459254 
4.092797623077855e-17 65.44780602934138 0.27309669 0.02074    0.88637255
5.432881662867042e-17 64.79621878443241 0.13498779 0.02272366 0.62836763
1.0018758526814378e-16 63.21276540113831 0.44134952 0.0212178  0.77626777
1.3734026498849856e-16 63.18926112674242 0.42255608 0.02123035 0.7883832 
1.502852716115343e-16 62.82881793857435 0.25821166 0.02270885 0.53305229
2.362770282215481e-16 61.53047555953565 0.27555649 0.02233145 0.52301397
3.2601931131267386e-16 61.300693928557266 0.11083739 0.02005872 0.88166528
4.0663828756572473e-16 60.65249939080611 0.27577296 0.02311055 0.87883971
5.648055848970331e-16 59.95489661046164 0.11055221 0.02297035 0.68826226
1.0100167191011137e-15 58.48974877846878 0.34805161 0.02173872 0.83438826
1.6349310360772065e-15 57.78737393837864 0.45066026 0.02103904 0.75729884
2.225150928353738e-15 57.198840157418985 0.37413415 0.02149585 0.81219588
2.59430414215986e-15 57.091886815774124 0.31872266 0.02265307 0.5149766 
2.8339678090295814e-15 56.81382811371658 0.15367164 0.02030387 0.6674209 
3.265909239847576e-15 56.48822459342548 0.10725262 0.02283669 0.70491753
6.768335156162964e-15 54.378337262288454 0.48983702 0.02246739 0.73395657
1.0274645269394562e-14 54.24842050012994 0.11473222 0.02020928 0.84631899
1.1020559620683616e-14 54.06050550284128 0.38897415 0.02356161 0.51531702
1.1482121058764071e-14 54.04014441380684 0.37074818 0.02042692 0.52357014
3.542444893508317e-14 50.7426316326806 0.39491377 0.02234903 0.78684257
6.539987199248809e-14 50.33970650674157 0.20523664 0.02355935 0.8809891 
7.817480050112317e-14 49.98460429027994 0.20440012 0.02356889 0.62604587
8.545932833170238e-14 49.92818859653366 0.29772142 0.02329522 0.83410059
8.985411649381665e-14 49.74788022533222 0.17795255 0.02064272 0.89673827
1.1004636468550514e-13 49.12220310337633 0.2609778  0.0204691  0.84586749
1.7502194288636614e-13 47.967662072135354 0.49427268 0.02317617 0.70568608
2.6134605058916856e-13 47.36025079788152 0.15551871 0.02362625 0.87396982
3.012594660706148e-13 47.313683358567985 0.4930742  0.02033712 0.68562004
3.875258987714472e-13 46.413404164790904 0.28142553 0.02128843 0.55826655
5.202032447040265e-13 46.01543082207233 0.11139156 0.02237676 0.73613241
5.851364187913482e-13 45.88544746167927 0.28318818 0.02023433 0.59493066
6.613265128841397e-13 45.502235627877376 0.11927    0.02187245 0.71645157
7.250782400528375e-13 45.45941936393628 0.22280347 0.02012329 0.64763482
1.1035610320236374e-12 44.03169845617283 0.34622197 0.0228302  0.53567591
1.7872383331695928e-12 43.30685409858449 0.41391429 0.02231787 0.75820683
2.110581892455159e-12 43.26166541791316 0.30363729 0.02214383 0.5487682 
2.2205371126463913e-12 43.06832651615889 0.2767291  0.02386593 0.80028864
2.543449112441453e-12 42.69180088079183 0.15506335 0.02381354 0.80727873
3.637259580938318e-12 41.70137671911727 0.2551542  0.02184295 0.86022114
4.79753363807836e-12 41.43218065251775 0.11915119 0.02290988 0.77533885
5.186631402873376e-12 41.34161911372967 0.17453557 0.02031943 0.71216591
5.2524299715540504e-12 41.340928741740605 0.14642833 0.02306595 0.87582748
5.253851895272999e-12 41.30093494270889 0.15259363 0.02087016 0.87233411
5.8726920996961425e-12 40.877853988225176 0.37902322 0.02265867 0.77126314
6.480484753126055e-12 40.845006728118214 0.4658853  0.02090501 0.70521969
6.5146742131410385e-12 40.81696851132554 0.23047661 0.02193771 0.5982709 
7.053091955728561e-12 40.50001582559423 0.1513874  0.02049438 0.8291912 
7.550048147393807e-12 40.49227903552449 0.43977231 0.02186259 0.5055544 
7.629109844828974e-12 40.41920551838058 0.4543686  0.02245189 0.72456423
8.163621381676326e-12 40.18764244747658 0.11392484 0.0220685  0.86197876
8.853680632274417e-12 40.050475070209274 0.25789515 0.02027561 0.80534057
9.787607706011118e-12 39.75524009668769 0.44602146 0.02252756 0.72718969
1.0526057345116699e-11 39.70910711281023 0.40147295 0.02394518 0.57687587
1.0791233590748746e-11 39.61671854827934 0.14160159 0.02326751 0.75051008
1.0962056578431779e-11 39.605431620813285 0.32870978 0.0228358  0.79806882
1.1259613278151622e-11 39.471997009566905 0.47764324 0.02184303 0.70981087
1.1608385516624748e-11 39.44149957540626 0.11294053 0.02248598 0.81316228
1.3057922006501023e-11 38.987158288118984 0.14877272 0.02052327 0.78863854
1.5334475971075716e-11 38.74070349199268 0.14871059 0.02244472 0.69684798
1.614208869061095e-11 38.73446836590181 0.41266185 0.0224396  0.51986496
1.6426416690290633e-11 38.63235750616617 0.21372965 0.02359788 0.82931026
1.697576782478048e-11 38.5623913624966 0.1414215  0.02100509 0.73790432
1.7536233981569617e-11 38.46324357203591 0.28685339 0.0237031  0.6142524 
1.8767030340050646e-11 38.255427886890324 0.44708307 0.0203356  0.68213484
2.0903827946891127e-11 37.99518349250127 0.33970815 0.02227233 0.79409651
2.233048285042421e-11 37.943419993543884 0.17250734 0.02166674 0.88492468
2.243053356070403e-11 37.93717034002404 0.15770061 0.02046873 0.79222426
2.302481353572797e-11 37.801322773883825 0.30564644 0.02350933 0.78405188
2.5907018364296302e-11 37.4396276165742 0.46768684 0.02293941 0.69964582
3.088815232134127e-11 37.05976550453265 0.38659115 0.02178289 0.76063874
3.642405953914571e-11 36.73551684787947 0.25746592 0.02121789 0.83549979
3.940602564502323e-11 36.69231288977463 0.13781021 0.02240373 0.86839809
4.529515606221628e-11 36.17209072801489 0.33622779 0.02349623 0.75907998
5.252715865485615e-11 36.028821828252156 0.34163757 0.02286155 0.7785809 
5.4951283507210394e-11 35.950033330042075 0.20556455 0.02077817 0.84026499
5.630854894946712e-11 35.89108167146279 0.20719464 0.02372916 0.79983336
5.96782679140011e-11 35.68273495232499 0.29447209 0.02039836 0.77426085
6.435753819518496e-11 35.54624058935978 0.15577395 0.02279732 0.71308162
6.732251117199331e-11 35.461343710040644 0.16771331 0.02167427 0.68165501
6.966881676330635e-11 35.369558746880465 0.13819524 0.02143378 0.74649153
7.719630309964202e-11 35.02492285162183 0.29926801 0.02236369 0.57457076
8.469430609195245e-11 34.944941369229646 0.44675927 0.02376928 0.5757381 
8.636510562517903e-11 34.90636655427187 0.12398862 0.02190583 0.80832544
9.776157554523396e-11 34.43667556130943 0.36884523 0.02121849 0.75673239
1.0855349829010262e-10 34.42023988611781 0.27580042 0.02020243 0.65453095
1.2455381286357054e-10 33.88285173039837 0.42711433 0.02122339 0.53567873
1.522450395912383e-10 33.55486626268049 0.41292498 0.02052793 0.69671998
1.6346991681696882e-10 33.54507999894952 0.36797018 0.02332296 0.73699979
1.7461112910448313e-10 33.26137592959088 0.33889173 0.0234328  0.59257336
2.0753445331325028e-10 32.82774115696353 0.23917944 0.02342226 0.80364114
2.283700379090843e-10 32.81545479941528 0.1937727  0.02304473 0.83818461
2.2720458888651072e-10 32.80839280796046 0.20605049 0.02094396 0.66995997
2.3034264660069372e-10 32.72171790024686 0.14906101 0.02248168 0.84759913
2.3344974235171035e-10 32.7140644141009 0.48402516 0.0237     0.61730397
2.363021203355473e-10 32.63413052225847 0.26581516 0.02216509 0.5997187 
2.580434624643508e-10 32.33274072363803 0.2633826  0.02371926 0.76403151
2.818223743779289e-10 32.23166645703335 0.25377502 0.02115568 0.62148976
2.8685421808588165e-10 32.2208884901312 0.47794844 0.02371277 0.60834604
2.912876367637875e-10 32.13150095367904 0.2187363  0.02358813 0.78727492
3.4125679369467054e-10 31.584128164276553 0.24990654 0.02319355 0.80664172
3.9973520471046104e-10 31.424865224685007 0.39286201 0.02181741 0.74047909
4.49768103036033e-10 31.08394843551816 0.47813466 0.02172293 0.68439631
4.874586271702758e-10 31.048814536087 0.26460981 0.0216263  0.6080931 
4.882296749411356e-10 31.03768621111207 0.46732594 0.02047303 0.63735115
4.951727514202631e-10 30.953402616786903 0.36600405 0.0237937  0.68290688
5.305373912025337e-10 30.72744095410943 0.38694635 0.02065456 0.70885641
5.586096589387716e-10 30.701067271921225 0.46540219 0.02360141 0.62966751
5.594494071439626e-10 30.68159148266219 0.48165167 0.02239641 0.52462792
5.571666051092215e-10 30.677575718522238 0.49835192 0.02108291 0.65609567
5.846263502810885e-10 30.455514407209368 0.23743821 0.02275177 0.63716627
6.172650041034411e-10 30.41452166150689 0.26677847 0.02373013 0.68197363
6.495662626205553e-10 30.21638274614112 0.14691963 0.02155608 0.77345371
6.892899016828847e-10 30.133250424397495 0.25775073 0.02342689 0.78049077
7.286930319125754e-10 29.957226907101223 0.43101754 0.02144145 0.54298849
7.606102009602009e-10 29.918293014131056 0.17280708 0.02199371 0.70029581
7.829509175953201e-10 29.803098588586753 0.40912325 0.02055838 0.58853518
8.140388609658988e-10 29.721904811015282 0.23998829 0.02048604 0.68980321
8.281056784532603e-10 29.694039639292484 0.14523129 0.02234089 0.79105243
8.545896528528718e-10 29.55838375081429 0.23091607 0.0218959  0.83449425
9.459157053482885e-10 29.257142824795757 0.42837592 0.02043293 0.60679024
1.0391928586978983e-09 29.132991710956887 0.37700473 0.0222072  0.74350822
1.1078887735473265e-09 28.96297951827728 0.46768185 0.02203868 0.68502713
1.216394496833504e-09 28.7230312253373 0.18700656 0.02298285 0.71619118
1.3022766709076167e-09 28.64387726506484 0.44893601 0.0207656  0.57070499
1.3743822657303612e-09 28.47063578511852 0.45431171 0.02116788 0.67821493
1.4644020807564711e-09 28.348421666473797 0.37630672 0.02063809 0.60038644
1.5102878250464295e-09 28.30578208967557 0.22428546 0.02254102 0.82660858
1.6376626359551746e-09 27.99646201167364 0.39764068 0.02255748 0.55932211
1.8258961578111582e-09 27.82260620981541 0.32418987 0.02325642 0.74328195
1.9682872485905157e-09 27.655981764318632 0.20861061 0.02286033 0.81610293
2.1231462434496127e-09 27.480252988665825 0.18576016 0.02281529 0.71718299
2.288400637948253e-09 27.315881517886996 0.47878336 0.02090623 0.64224564
2.427838226021839e-09 27.20210107697491 0.26630861 0.02170304 0.62056552
2.523889505903944e-09 27.120102872949726 0.4067071  0.02110873 0.70163276
2.6192983501361743e-09 27.014433692799003 0.47825307 0.02279092 0.54896957
2.8057679771692895e-09 26.80909109514747 0.16271538 0.02170774 0.7543666 
2.944973497276677e-09 26.77581230736791 0.43926301 0.02284655 0.68145043
3.1574343806025907e-09 26.500012130998517 0.20513419 0.02096215 0.71395677
3.4559062453410243e-09 26.367408147539578 0.44443855 0.02194149 0.69004721
3.5759587568508692e-09 26.321680202192226 0.23169759 0.02339736 0.74792207
3.6446910006944165e-09 26.25180271812424 0.34126188 0.02050219 0.69181516
3.887315499644941e-09 26.029645688841416 0.30380286 0.02268445 0.77171874
4.07731235376089e-09 26.0149853389757 0.47605838 0.02246238 0.54519422
4.0557500087313535e-09 26.011029076534353 0.16414535 0.02197317 0.8062951 
4.060593026015018e-09 25.97061264554688 0.47188822 0.02319428 0.582383  
4.2172790021155965e-09 25.82232709528699 0.44955577 0.02235617 0.68240729
4.406441527691883e-09 25.75315221144014 0.35351975 0.02258565 0.58464953
4.546253095924284e-09 25.658112832772527 0.27596596 0.02162765 0.62167962
4.64699151738739e-09 25.624695020344387 0.22451301 0.02215596 0.81931187
4.853183046548999e-09 25.448396742427967 0.4407398  0.02103737 0.66620007
5.034311406065174e-09 25.43446620652253 0.35570148 0.02266975 0.73652684
5.143907129793076e-09 25.32395290677136 0.28942982 0.02294883 0.63054851
5.391030863116809e-09 25.207148830539083 0.41757198 0.02065983 0.62306612
5.502480215435084e-09 25.20060251355773 0.4694743  0.02083902 0.62069726
5.779734497876298e-09 24.976955889476184 0.35493919 0.02273571 0.73310471
6.379864657123564e-09 24.76500827089798 0.4386012  0.0227407  0.56659121
6.68402957759904e-09 24.745293939819014 0.181318   0.02228534 0.81028751
6.777919405478803e-09 24.670069084879824 0.30688508 0.02294257 0.62340966
7.022036162950911e-09 24.56464231957783 0.35461569 0.02128073 0.59418743
7.546972319365985e-09 24.346453468725432 0.47685256 0.02142539 0.65134243
8.043676865033807e-09 24.264767819614068 0.22638403 0.0230759  0.7038976 
8.435829675556231e-09 24.118099397841068 0.47585723 0.02206195 0.54988018
8.833402069139246e-09 24.038854450221258 0.31939931 0.02270629 0.6108665 
8.973886585611476e-09 24.014472888030195 0.27104612 0.02247003 0.63355782
9.212962421035796e-09 23.895575311372895 0.44225266 0.02121151 0.57442374
9.540998981495421e-09 23.83344034517058 0.24632959 0.0215753  0.65346057
9.601479050490339e-09 23.830017040604243 0.31578844 0.02090466 0.73240693
9.571138487100206e-09 23.80636743667474 0.38625563 0.02108786 0.59492033
9.751318538016125e-09 23.71655266466502 0.41618553 0.02261831 0.57356547
1.0022841546568557e-08 23.656157264933398 0.4771975  0.02102143 0.6176221 
1.0865646269270866e-08 23.36399777746029 0.31499437 0.02313641 0.63886699
1.1606033428082582e-08 23.342079848963735 0.48449729 0.02176005 0.55420552
1.1628992391746467e-08 23.31631443417393 0.19363366 0.02183309 0.80538847
1.1772653011987997e-08 23.25357563786031 0.42125164 0.02117906 0.58439453
1.1919581957356758e-08 23.226499590222385 0.36444095 0.02318934 0.69122107
1.2189229939607083e-08 23.125477504506005 0.18690197 0.02174878 0.73347863
1.2489126672002855e-08 23.088372298736896 0.34666045 0.02226034 0.73967827
1.2744045007474079e-08 23.00553887574256 0.27703735 0.02331566 0.70049032
1.2930561887720786e-08 22.989626838832915 0.19166817 0.02265536 0.75438215
1.3127193798830295e-08 22.90620653612756 0.4450711  0.0223377  0.56454659
1.3345113430156642e-08 22.883164709234343 0.4730029  0.02106504 0.61462714
1.3387967691430032e-08 22.853623581334787 0.41590518 0.02300201 0.59744858
1.3639233343951412e-08 22.76975713803341 0.49545123 0.02285513 0.60317315
1.39369095796663e-08 22.72681268088076 0.43816863 0.02247548 0.5697181 
1.3960787740593561e-08 22.722879872819387 0.49864744 0.02282494 0.60351672
1.4205842430154308e-08 22.61876118053692 0.25031468 0.02165823 0.79076941
1.4580782275664039e-08 22.577729815833226 0.27012331 0.02175763 0.78291849
1.4698834876221716e-08 22.54661502383759 0.48287255 0.02244122 0.56260581
1.4814349082407177e-08 22.50669462621923 0.24335104 0.02135736 0.67120471
1.494989588279209e-08 22.4703472708562 0.24591477 0.02179838 0.65748856
1.530490844056417e-08 22.374011115102554 0.30734189 0.02273532 0.62696634
1.6245297508100545e-08 22.19487623013325 0.3119275  0.0217152  0.61500772
1.681459510160489e-08 22.19242558897655 0.30916433 0.02093471 0.72567938
1.6676689678975256e-08 22.18801797865501 0.2217452  0.02177876 0.6841627 
1.6571467441239424e-08 22.17795261751442 0.2334096  0.02235799 0.79433748
1.6790318858910806e-08 22.096551896744927 0.4522222  0.0224389  0.66035376
1.7230077216886486e-08 22.0343898072002 0.39968175 0.02179536 0.57937621
1.7738139621135326e-08 21.941112773544198 0.32644324 0.02249188 0.74338833
1.830860193558099e-08 21.867561597319597 0.46373997 0.02202356 0.65581177
1.8656806161598594e-08 21.825496365194745 0.25536921 0.02265235 0.66342647
1.9328747134341575e-08 21.68835962137354 0.19664681 0.02232694 0.73141519
2.008385104291654e-08 21.630473192000334 0.37380828 0.02318779 0.64743763
2.058764050903768e-08 21.549852430113738 0.30846601 0.02247868 0.62302877
2.1712602814093695e-08 21.380630130841254 0.35090211 0.0213661  0.71926652
2.268615890388314e-08 21.331327953815578 0.22483085 0.02184382 0.68582259
2.2829757644361907e-08 21.315317633381447 0.25911639 0.02221119 0.78208275
2.3483932948896264e-08 21.180751127639702 0.46756104 0.02145682 0.63671035
2.4177105827228486e-08 21.156965290394705 0.39342352 0.0217375  0.69862338
2.424171344617006e-08 21.130293207274 0.19189196 0.0219086  0.75319743
2.4839457078752142e-08 21.021130209125307 0.33252958 0.02262125 0.730868  
2.5323664982526883e-08 21.01178967138896 0.35688937 0.02281859 0.61597245
2.5266168620059765e-08 20.99046697658273 0.19407377 0.02225906 0.76034956
2.5155407019641328e-08 20.989505343272224 0.27508413 0.02108578 0.6712308 
2.5407200273464893e-08 20.911585448701523 0.34618411 0.02087082 0.66733617
2.578340731695442e-08 20.890208058550783 0.42447935 0.0220554  0.57767751
2.5763456532628985e-08 20.87485280787618 0.26960401 0.0220941  0.64624838
2.5719351322067046e-08 20.857269493179626 0.48563923 0.02258535 0.61487983
2.5784501987511216e-08 20.825023075548913 0.25187914 0.02267492 0.67513807
2.642600397921448e-08 20.72040647038594 0.39969489 0.02303598 0.63484542
2.7170147805001652e-08 20.673052763528222 0.46806183 0.0214072  0.58902223
2.728625823391666e-08 20.663279394113246 0.44483174 0.02181508 0.57618499
2.7155793592939506e-08 20.652425420146688 0.35388848 0.02103221 0.69143505
2.7614677782217e-08 20.557560090241857 0.19800866 0.02227059 0.76069538
2.8051552908398692e-08 20.548722805432224 0.46507711 0.02131983 0.60129045
2.8510835311719824e-08 20.45391170724576 0.43651406 0.02283702 0.63491019
2.891504641428693e-08 20.45148709738453 0.38202952 0.02305018 0.65616837
2.915929094739496e-08 20.381083228672857 0.44070159 0.02139752 0.5921765 
2.9447728641298236e-08 20.371704451923488 0.29115834 0.02128903 0.74529084
2.935059441215588e-08 20.35452373740774 0.36854894 0.02096228 0.65062935
2.9215123821022716e-08 20.350373521926876 0.45259568 0.02182191 0.5771295 
2.98931018357968e-08 20.22492226407755 0.29352337 0.02093834 0.69929569
3.072504413203831e-08 20.198888603569408 0.24440392 0.02291211 0.73516956
3.063394794736072e-08 20.196913860758464 0.26608188 0.02190144 0.6532537 
3.0352915099721596e-08 20.195951875402486 0.38144817 0.0229769  0.66699489
3.0338254310424756e-08 20.159213641931306 0.34105543 0.02106094 0.6415184 
3.065028492753169e-08 20.115292871346654 0.37497272 0.02216614 0.70694476
3.088836424691357e-08 20.08831181899454 0.20900943 0.02219245 0.72250659
3.0820557692435805e-08 20.084193177966274 0.29304854 0.02206639 0.6347401 
3.1085194554652956e-08 20.014909487416794 0.22126143 0.02247942 0.77132019
3.134348695256736e-08 20.010694691238513 0.23970416 0.02156127 0.68621352
3.106899697212515e-08 20.010290174869276 0.46395564 0.02164923 0.58319301
3.0976725975663233e-08 19.982884401226077 0.46167717 0.0217183  0.64041505
3.1032219770637216e-08 19.963283533124706 0.44734159 0.02129293 0.6224682 
3.10143341224005e-08 19.945381209335437 0.4929452  0.02175661 0.58424417
3.086952685020785e-08 19.942163352264245 0.41732964 0.02120595 0.61460106
3.0590788354498665e-08 19.9418609300422 0.45170313 0.02217511 0.65075545
3.080646754565945e-08 19.87482089210514 0.31433664 0.02196134 0.62370032
3.116790586669384e-08 19.85489047326534 0.34767916 0.02285815 0.6313569 
3.1366891635867674e-08 19.80976832040283 0.22104713 0.02195173 0.78044636
3.168620979591875e-08 19.774475811741983 0.35024139 0.02143619 0.71208477
3.186242136812507e-08 19.747717850453512 0.38685787 0.02288695 0.62451022
3.272714949788188e-08 19.62922892131858 0.23954765 0.02195033 0.68133234
3.381350776224256e-08 19.57589590202322 0.41504485 0.02279737 0.64831586
3.445744811437376e-08 19.514090273210186 0.30167897 0.02229796 0.7485044 
3.493566562143018e-08 19.480624815461635 0.45607565 0.02262393 0.61468694
3.490875220583514e-08 19.4772330679453 0.33958975 0.02250517 0.72042321
3.485503954617795e-08 19.44709496623309 0.2322425  0.02240337 0.69819484
3.499172832905311e-08 19.421742682911123 0.33796045 0.02189142 0.61512247
3.5057065515309327e-08 19.39981151498261 0.22804517 0.02266078 0.73057897
3.4921771309001096e-08 19.397348886244977 0.21891733 0.02245924 0.72627344
3.481487160103392e-08 19.372350802434113 0.35875951 0.02293203 0.67967319
3.477894601895739e-08 19.3616136056745 0.47242878 0.02246324 0.6095853 
3.566283937303639e-08 19.23417663353003 0.36358153 0.02286225 0.63318942
3.648771125629535e-08 19.228321714850466 0.47167239 0.02178084 0.62429015
3.704788919692913e-08 19.134527191384194 0.3998026  0.02181029 0.59607801
3.7880077596899427e-08 19.098725281841556 0.21233915 0.02207871 0.73049142
3.784626930645523e-08 19.098137319240102 0.30496998 0.02201055 0.74630476
3.804708360791029e-08 19.038204785970464 0.25911226 0.02282602 0.73336493
3.837849320524068e-08 19.023223897952686 0.33893265 0.02114104 0.69356488
3.8375809399057075e-08 18.998730131442144 0.31512967 0.02240188 0.73527003
3.862517977716115e-08 18.957650155320945 0.41015813 0.02276343 0.62290203
3.8691720053065274e-08 18.95183714848004 0.30872575 0.02110281 0.67005276
3.936415835934293e-08 18.85021498831892 0.4082853  0.02277947 0.64141163
4.005686682672796e-08 18.840978149116935 0.44671514 0.02201165 0.64610189
