# hz=H(z)/(1+z)
# z  hz(-1sigma) hz(best) hz(+1sigma)
0.000000 60.201700 63.068500 68.924900
0.010000 60.383790 63.128405 68.580246
0.020000 60.554634 63.178633 68.243041
0.030000 60.714640 63.219679 67.913237
0.040000 60.864211 63.252024 67.590781
0.050000 61.003740 63.276133 67.275614
0.060000 61.133618 63.292456 66.967673
0.070000 61.254223 63.301429 66.666894
0.080000 61.365929 63.303474 66.373505
0.090000 61.469102 63.298998 66.117046
0.100000 61.564097 63.288394 65.865196
0.110000 61.651264 63.272042 65.618000
0.120000 61.730942 63.250307 65.375498
0.130000 61.801984 63.223541 65.137721
0.140000 61.838316 63.192085 64.904693
0.150000 61.868748 63.156263 64.688752
0.160000 61.893594 63.116392 64.540512
0.170000 61.913156 63.072772 64.419709
0.180000 61.927727 63.025694 64.298123
0.190000 61.937591 62.975436 64.174653
0.200000 61.940788 62.922266 64.049589
0.210000 61.903310 62.866439 63.923208
0.220000 61.862228 62.808201 63.795772
0.230000 61.782264 62.747788 63.667530
0.240000 61.668229 62.685424 63.593108
0.250000 61.556821 62.621325 63.523023
0.260000 61.448051 62.555697 63.450738
0.270000 61.341929 62.488737 63.376494
0.280000 61.232382 62.420632 63.300520
0.290000 61.108726 62.351562 63.223036
0.300000 60.988294 62.281698 63.144253
0.310000 60.872115 62.211203 63.064372
0.320000 60.760108 62.140232 62.991412
0.330000 60.652194 62.068932 62.951357
0.340000 60.548296 61.997445 62.913207
0.350000 60.444243 61.925903 62.876206
0.360000 60.335965 61.854434 62.848249
0.370000 60.226388 61.783157 62.818957
0.380000 60.120699 61.712186 62.788470
0.390000 60.018838 61.641629 62.756925
0.400000 59.920744 61.571588 62.724451
0.410000 59.825339 61.502160 62.691172
0.420000 59.720704 61.433434 62.657208
0.430000 59.619908 61.365498 62.622671
0.440000 59.522897 61.298431 62.587670
0.450000 59.429622 61.232310 62.552311
0.460000 59.340028 61.167205 62.516692
0.470000 59.254064 61.103184 62.480907
0.480000 59.171676 61.040309 62.451276
0.490000 59.092811 60.978639 62.421804
0.500000 59.017417 60.918228 62.392079
0.510000 58.944451 60.859127 62.362192
0.520000 58.871795 60.801383 62.332228
0.530000 58.802239 60.745039 62.302267
0.540000 58.735748 60.690135 62.272388
0.550000 58.672287 60.636710 62.242664
0.560000 58.611822 60.584796 62.213167
0.570000 58.554316 60.534425 62.183962
0.580000 58.499732 60.485625 62.155113
0.590000 58.448035 60.438422 62.126680
0.600000 58.399186 60.392838 62.098722
0.610000 58.353147 60.348895 62.071291
0.620000 58.309881 60.306610 62.045876
0.630000 58.269348 60.266001 62.021222
0.640000 58.231511 60.227079 61.997201
0.650000 58.196331 60.189858 61.973856
0.660000 58.163769 60.154348 61.951228
0.670000 58.133785 60.120556 61.929356
0.680000 58.106342 60.088489 61.908275
0.690000 58.081399 60.058152 61.888019
0.700000 58.058919 60.029548 61.868621
0.710000 58.038862 60.002678 61.850110
0.720000 58.019586 59.977543 61.832513
0.730000 57.983480 59.954142 61.815857
0.740000 57.949979 59.932472 61.800165
0.750000 57.919056 59.912529 61.785460
0.760000 57.890685 59.894310 61.771762
0.770000 57.864836 59.877807 61.759089
0.780000 57.841481 59.863015 61.747460
0.790000 57.820589 59.849926 61.736889
0.800000 57.802130 59.838530 61.727391
0.810000 57.786073 59.828819 61.718979
0.820000 57.772387 59.820781 61.711665
0.830000 57.761040 59.814407 61.705458
0.840000 57.751998 59.809683 61.700368
0.850000 57.745231 59.806599 61.700886
0.860000 57.740704 59.805141 61.704222
0.870000 57.738384 59.805295 61.708599
0.880000 57.738238 59.807047 61.714020
0.890000 57.740233 59.810383 61.720485
0.900000 57.744334 59.815287 61.727996
0.910000 57.750509 59.821745 61.736552
0.920000 57.758722 59.829741 61.746153
0.930000 57.768942 59.839257 61.756795
0.940000 57.781133 59.850279 61.768479
0.950000 57.795262 59.862788 61.781201
0.960000 57.811296 59.876769 61.794958
0.970000 57.829202 59.892203 61.809746
0.980000 57.848945 59.909074 61.825562
0.990000 57.870493 59.927363 61.842400
1.000000 57.893814 59.947054 61.860257
1.010000 57.918874 59.968128 61.879126
1.020000 57.945641 59.990566 61.899002
1.030000 57.974082 60.014352 61.919879
1.040000 58.004167 60.039466 61.941751
1.050000 58.035863 60.065891 61.964611
1.060000 58.069140 60.093609 61.988452
1.070000 58.103965 60.122600 62.013267
1.080000 58.140308 60.152846 62.039048
1.090000 58.178140 60.184330 62.065787
1.100000 58.217430 60.217033 62.093478
1.110000 58.258148 60.250937 62.122111
1.120000 58.300265 60.286024 62.151678
1.130000 58.343753 60.322274 62.182171
1.140000 58.388582 60.359671 62.213581
1.150000 58.434725 60.398197 62.247506
1.160000 58.482154 60.437832 62.282413
1.170000 58.530840 60.478561 62.318211
1.180000 58.580759 60.520364 62.354890
1.190000 58.631882 60.563224 62.392440
1.200000 58.684184 60.607124 62.432479
1.210000 58.737638 60.652047 62.480361
1.220000 58.792220 60.697974 62.528945
1.230000 58.847904 60.744890 62.578219
1.240000 58.904666 60.792777 62.628175
1.250000 58.962481 60.841619 62.678803
1.260000 59.021326 60.891398 62.730093
1.270000 59.081177 60.942098 62.782033
1.280000 59.142011 60.993702 62.837420
1.290000 59.203805 61.046196 62.894763
1.300000 59.266538 61.099562 62.952663
1.310000 59.330188 61.153786 63.011110
1.320000 59.394732 61.208851 63.070095
1.330000 59.460150 61.264742 63.129609
1.340000 59.526422 61.321443 63.189642
1.350000 59.593526 61.378941 63.250185
1.360000 59.661443 61.437219 63.311230
1.370000 59.730154 61.496263 63.372768
1.380000 59.799639 61.556058 63.434789
1.390000 59.869879 61.616590 63.497286
1.400000 59.940855 61.677846 63.560250
1.410000 60.012551 61.739810 63.623673
1.420000 60.084947 61.802470 63.687547
1.430000 60.158026 61.865811 63.751862
1.440000 60.231772 61.929820 63.816613
1.450000 60.306167 61.994484 63.881790
1.460000 60.381195 62.059790 63.947386
1.470000 60.456840 62.125725 64.013394
1.480000 60.533087 62.192277 64.079805
1.490000 60.609918 62.259432 64.146613
1.500000 60.687320 62.327179 64.213811
1.510000 60.765278 62.395505 64.281390
1.520000 60.843777 62.464399 64.349345
1.530000 60.922802 62.533848 64.417668
1.540000 61.002341 62.603842 64.486352
1.550000 61.082378 62.674368 64.555391
1.560000 61.162901 62.745416 64.624778
1.570000 61.243897 62.816974 64.694507
1.580000 61.325352 62.889032 64.764570
1.590000 61.407255 62.961579 64.834962
1.600000 61.489592 63.034605 64.905677
1.610000 61.572353 63.108098 64.976708
1.620000 61.655524 63.182050 65.048050
1.630000 61.739095 63.256449 65.119695
1.640000 61.823054 63.331286 65.191640
1.650000 61.907391 63.406552 65.263877
1.660000 61.992094 63.482236 65.336401
1.670000 62.077152 63.558330 65.409207
1.680000 62.162556 63.634824 65.482289
1.690000 62.248296 63.711709 65.555642
1.700000 62.334361 63.788976 65.629260
1.710000 62.420741 63.866617 65.703137
1.720000 62.507428 63.944623 65.777270
1.730000 62.594412 64.022985 65.851653
1.740000 62.681684 64.101695 65.926280
1.750000 62.769235 64.180746 66.001147
1.760000 62.857056 64.260128 66.076250
1.770000 62.945140 64.339835 66.151582
1.780000 63.033477 64.419857 66.227140
1.790000 63.122059 64.500189 66.302920
1.800000 63.210879 64.580822 66.378915
1.810000 63.299929 64.661748 66.455123
1.820000 63.389202 64.742962 66.531538
1.830000 63.478689 64.824455 66.608156
1.840000 63.568384 64.906221 66.684973
1.850000 63.658279 64.988252 66.761984
1.860000 63.748368 65.070543 66.839186
1.870000 63.838643 65.153086 66.916575
1.880000 63.929099 65.235875 66.994146
1.890000 64.019729 65.318904 67.071895
1.900000 64.110527 65.402166 67.149819
1.910000 64.201485 65.485657 67.227915
1.920000 64.292600 65.569368 67.306177
1.930000 64.383863 65.653295 67.384603
1.940000 64.475271 65.737432 67.463189
1.950000 64.566816 65.821774 67.541931
1.960000 64.658495 65.906313 67.620825
1.970000 64.750300 65.991046 67.699869
1.980000 64.841919 66.075967 67.779059
1.990000 64.929172 66.161070 67.858392
2.000000 65.016577 66.246351 67.937864
2.010000 65.104130 66.331804 68.017472
2.020000 65.191825 66.417424 68.097212
2.030000 65.279658 66.503207 68.177083
2.040000 65.367624 66.589147 68.257079
2.050000 65.455719 66.675241 68.337200
2.060000 65.543937 66.761482 68.417441
2.070000 65.632275 66.847868 68.497800
2.080000 65.720727 66.934393 68.578273
2.090000 65.809291 67.021053 68.658858
2.100000 65.897960 67.107844 68.739553
2.110000 65.986733 67.194762 68.820354
2.120000 66.075603 67.281802 68.901258
2.130000 66.164569 67.368961 68.982263
2.140000 66.253625 67.456234 69.063367
2.150000 66.342767 67.543618 69.144566
2.160000 66.431993 67.631109 69.225859
2.170000 66.521299 67.718703 69.307242
2.180000 66.610680 67.806396 69.388713
2.190000 66.700135 67.894186 69.470271
2.200000 66.789658 67.982068 69.551911
2.210000 66.879247 68.070039 69.633633
2.220000 66.968899 68.158095 69.715434
2.230000 67.058611 68.246234 69.797311
2.240000 67.148379 68.334452 69.879263
2.250000 67.238200 68.422747 69.961286
2.260000 67.328071 68.511113 70.043380
2.270000 67.417990 68.599550 70.125541
2.280000 67.507954 68.688053 70.207768
2.290000 67.597959 68.776620 70.290059
2.300000 67.688004 68.865248 70.372412
2.310000 67.778085 68.953934 70.454824
2.320000 67.868200 69.042676 70.537294
2.330000 67.958346 69.131470 70.619819
2.340000 68.048520 69.220314 70.702399
2.350000 68.138721 69.309206 70.785031
2.360000 68.228243 69.398142 70.867713
2.370000 68.317488 69.487121 70.950443
2.380000 68.406768 69.576139 71.033220
2.390000 68.496080 69.665195 71.116042
2.400000 68.585421 69.754286 71.198907
2.410000 68.674790 69.843410 71.281814
2.420000 68.764184 69.932564 71.364760
2.430000 68.853601 70.021747 71.447745
2.440000 68.943038 70.110956 71.530766
2.450000 69.032494 70.200188 71.613822
2.460000 69.121965 70.289443 71.696912
2.470000 69.211451 70.378718 71.780034
2.480000 69.300949 70.468010 71.867093
2.490000 69.390456 70.557319 71.954322
2.500000 69.479972 70.646641 72.041554
2.510000 69.569494 70.735976 72.128788
2.520000 69.659019 70.825321 72.216023
2.530000 69.748548 70.914674 72.303258
2.540000 69.838077 71.004034 72.390491
2.550000 69.927604 71.093399 72.477721
2.560000 70.017129 71.182767 72.564947
2.570000 70.106649 71.272137 72.652168
2.580000 70.196162 71.361507 72.739383
2.590000 70.285667 71.450874 72.826590
2.600000 70.375163 71.540239 72.913788
2.610000 70.464648 71.629598 73.000977
2.620000 70.554120 71.718952 73.088156
2.630000 70.643578 71.808297 73.175323
2.640000 70.733020 71.897634 73.262477
2.650000 70.822446 71.986960 73.349618
2.660000 70.911853 72.076274 73.436744
2.670000 71.001241 72.165575 73.523855
2.680000 71.090608 72.254862 73.610949
2.690000 71.179953 72.344132 73.698026
2.700000 71.269274 72.433386 73.785085
2.710000 71.358570 72.522621 73.872124
2.720000 71.447841 72.611837 73.959144
2.730000 71.537084 72.701031 74.046143
2.740000 71.626300 72.790204 74.133120
2.750000 71.715485 72.879354 74.220074
2.760000 71.804641 72.968480 74.307006
2.770000 71.893765 73.057580 74.393913
2.780000 71.982856 73.146655 74.480796
2.790000 72.071913 73.235701 74.567653
2.800000 72.160936 73.324720 74.654483
2.810000 72.249924 73.413709 74.741287
2.820000 72.338874 73.502667 74.828063
2.830000 72.427787 73.591595 74.914810
2.840000 72.516662 73.680490 75.001528
2.850000 72.605498 73.769352 75.088217
2.860000 72.694293 73.858180 75.174875
2.870000 72.783047 73.946973 75.261502
2.880000 72.871760 74.035730 75.348097
2.890000 72.960430 74.124451 75.434660
2.900000 73.049056 74.213134 75.521189
2.910000 73.137638 74.301779 75.607685
2.920000 73.226175 74.390385 75.694147
2.930000 73.314666 74.478952 75.780575
2.940000 73.403111 74.567477 75.866967
2.950000 73.491509 74.655962 75.953323
2.960000 73.579859 74.744405 76.039643
2.970000 73.668160 74.832804 76.125925
2.980000 73.756412 74.921161 76.212171
2.990000 73.844615 75.009474 76.298378
