# hz=H(z)/(1+z)
# z  hz(-1sigma) hz(best) hz(+1sigma)
0.000000 66.358500 67.945400 69.504400
0.010000 66.145873 67.650646 69.146615
0.020000 65.935771 67.361334 68.796805
0.030000 65.728313 67.077486 68.454897
0.040000 65.507818 66.799118 68.120816
0.050000 65.261950 66.526241 67.806263
0.060000 65.022077 66.258856 67.498160
0.070000 64.788126 65.996960 67.195749
0.080000 64.560020 65.740546 66.899067
0.090000 64.337683 65.489598 66.635825
0.100000 64.121037 65.244098 66.386050
0.110000 63.910005 65.004024 66.138528
0.120000 63.704508 64.769349 65.893462
0.130000 63.504468 64.540042 65.652402
0.140000 63.309804 64.316069 65.424579
0.150000 63.111922 64.097393 65.199905
0.160000 62.913065 63.883975 64.978495
0.170000 62.709816 63.675772 64.760449
0.180000 62.513217 63.472739 64.551454
0.190000 62.323115 63.274829 64.347783
0.200000 62.139360 63.081993 64.147173
0.210000 61.961808 62.894181 63.949723
0.220000 61.790315 62.711340 63.755522
0.230000 61.624744 62.533416 63.564652
0.240000 61.464959 62.360355 63.377186
0.250000 61.310827 62.192099 63.193189
0.260000 61.162220 62.028592 63.012719
0.270000 61.019011 61.869776 62.835828
0.280000 60.881078 61.715591 62.662560
0.290000 60.748300 61.565979 62.492954
0.300000 60.620560 61.420879 62.327043
0.310000 60.487949 61.280231 62.164855
0.320000 60.359503 61.143973 62.006410
0.330000 60.235970 61.012045 61.852064
0.340000 60.117241 60.884385 61.721876
0.350000 60.003209 60.760932 61.595418
0.360000 59.893771 60.641624 61.473629
0.370000 59.781677 60.526399 61.368736
0.380000 59.671904 60.415196 61.269328
0.390000 59.566575 60.307954 61.173483
0.400000 59.465599 60.204611 61.081147
0.410000 59.368883 60.105106 60.992270
0.420000 59.275182 60.009378 60.906797
0.430000 59.178749 59.917368 60.824677
0.440000 59.086373 59.829014 60.745858
0.450000 58.997974 59.744257 60.670288
0.460000 58.913476 59.663038 60.597915
0.470000 58.829484 59.585298 60.528689
0.480000 58.746322 59.510979 60.462559
0.490000 58.662619 59.440022 60.399475
0.500000 58.577199 59.372370 60.339386
0.510000 58.495505 59.307966 60.282244
0.520000 58.417481 59.246754 60.227999
0.530000 58.343070 59.188678 60.176603
0.540000 58.272213 59.133683 60.128008
0.550000 58.204854 59.081715 60.082166
0.560000 58.140935 59.032718 60.043342
0.570000 58.080401 58.986641 60.011503
0.580000 58.023194 58.943431 59.982143
0.590000 57.969257 58.903034 59.955218
0.600000 57.918536 58.865401 59.930680
0.610000 57.870974 58.830479 59.908486
0.620000 57.826516 58.798220 59.888590
0.630000 57.785107 58.768573 59.870949
0.640000 57.745863 58.741491 59.855520
0.650000 57.703250 58.716924 59.842261
0.660000 57.663648 58.694827 59.831130
0.670000 57.627009 58.675151 59.822087
0.680000 57.593284 58.657851 59.815092
0.690000 57.562423 58.642881 59.810104
0.700000 57.534379 58.630198 59.807086
0.710000 57.509102 58.619756 59.806000
0.720000 57.486546 58.611514 59.806807
0.730000 57.466661 58.605427 59.816633
0.740000 57.449400 58.601455 59.828858
0.750000 57.434717 58.599556 59.842729
0.760000 57.422564 58.599689 59.858210
0.770000 57.412894 58.601814 59.875267
0.780000 57.405662 58.605892 59.893866
0.790000 57.400821 58.611885 59.913974
0.800000 57.398327 58.619754 59.935558
0.810000 57.398134 58.629462 59.958587
0.820000 57.400198 58.640972 59.983030
0.830000 57.404476 58.654249 60.008857
0.840000 57.410924 58.669256 60.036038
0.850000 57.419500 58.685959 60.064545
0.860000 57.430160 58.704324 60.094348
0.870000 57.442865 58.724317 60.125422
0.880000 57.457571 58.745905 60.157738
0.890000 57.474239 58.769055 60.191269
0.900000 57.492828 58.793736 60.225991
0.910000 57.513299 58.819916 60.261877
0.920000 57.535613 58.847565 60.298903
0.930000 57.559732 58.876652 60.337045
0.940000 57.585617 58.907148 60.376279
0.950000 57.613232 58.939023 60.416581
0.960000 57.642540 58.972249 60.457929
0.970000 57.673504 59.006799 60.500300
0.980000 57.706047 59.042644 60.543674
0.990000 57.739415 59.079757 60.588028
1.000000 57.774325 59.118112 60.633341
1.010000 57.810744 59.157683 60.679594
1.020000 57.848639 59.198445 60.726766
1.030000 57.887978 59.240372 60.774838
1.040000 57.928729 59.283440 60.823791
1.050000 57.970862 59.327624 60.873605
1.060000 58.014345 59.372902 60.924263
1.070000 58.059149 59.419250 60.975746
1.080000 58.105244 59.466644 61.028037
1.090000 58.152601 59.515064 61.081119
1.100000 58.200806 59.564487 61.135957
1.110000 58.249620 59.614891 61.193004
1.120000 58.299624 59.666256 61.250759
1.130000 58.350792 59.718561 61.309208
1.140000 58.403097 59.771786 61.368334
1.150000 58.456513 59.825911 61.428122
1.160000 58.509286 59.880916 61.488557
1.170000 58.562342 59.936782 61.549625
1.180000 58.616465 59.993491 61.611311
1.190000 58.671632 60.051025 61.673601
1.200000 58.727819 60.109364 61.736482
1.210000 58.785003 60.168493 61.799941
1.220000 58.843161 60.228393 61.863964
1.230000 58.902270 60.289048 61.928539
1.240000 58.962309 60.350441 61.993653
1.250000 59.023256 60.412556 62.059294
1.260000 59.085090 60.475377 62.125450
1.270000 59.147789 60.538887 62.192109
1.280000 59.211335 60.603072 62.259260
1.290000 59.275706 60.667917 62.326893
1.300000 59.340884 60.733408 62.394995
1.310000 59.406850 60.799529 62.463557
1.320000 59.473584 60.866267 62.532568
1.330000 59.541068 60.933607 62.602017
1.340000 59.609285 61.001538 62.671896
1.350000 59.678217 61.070044 62.742193
1.360000 59.747845 61.139113 62.812900
1.370000 59.818155 61.208732 62.884006
1.380000 59.889128 61.278889 62.955504
1.390000 59.960749 61.349571 63.027384
1.400000 60.033001 61.420767 63.099636
1.410000 60.105870 61.492464 63.172254
1.420000 60.179339 61.564652 63.245227
1.430000 60.253394 61.637318 63.318549
1.440000 60.328021 61.710452 63.392210
1.450000 60.403205 61.784043 63.466203
1.460000 60.478931 61.858080 63.540520
1.470000 60.555186 61.932553 63.615155
1.480000 60.631958 62.007452 63.690098
1.490000 60.709231 62.082766 63.765343
1.500000 60.786994 62.158486 63.840884
1.510000 60.865235 62.234602 63.916712
1.520000 60.943939 62.311105 63.992821
1.530000 61.023097 62.387985 64.069205
1.540000 61.102694 62.465234 64.145857
1.550000 61.182721 62.542843 64.222771
1.560000 61.263166 62.620802 64.299940
1.570000 61.344017 62.699104 64.377358
1.580000 61.425264 62.777740 64.455019
1.590000 61.506896 62.856702 64.532918
1.600000 61.588903 62.935982 64.611048
1.610000 61.671274 63.015572 64.689403
1.620000 61.754000 63.095464 64.767980
1.630000 61.837070 63.175651 64.846771
1.640000 61.920476 63.256126 64.925772
1.650000 62.004207 63.336881 65.004977
1.660000 62.088255 63.417909 65.084381
1.670000 62.172611 63.499203 65.163980
1.680000 62.257266 63.580757 65.243769
1.690000 62.342212 63.662564 65.323742
1.700000 62.427440 63.744617 65.403895
1.710000 62.512941 63.826910 65.484223
1.720000 62.598709 63.909436 65.565857
1.730000 62.684734 63.992190 65.648749
1.740000 62.771010 64.075165 65.731795
1.750000 62.857529 64.158356 65.814991
1.760000 62.944284 64.241756 65.898330
1.770000 63.031266 64.325361 65.981811
1.780000 63.118471 64.409164 66.065428
1.790000 63.205889 64.493160 66.149178
1.800000 63.293516 64.577344 66.233057
1.810000 63.381344 64.661711 66.317060
1.820000 63.469366 64.746255 66.401185
1.830000 63.557577 64.830971 66.485427
1.840000 63.645970 64.915855 66.569784
1.850000 63.734539 65.000901 66.654250
1.860000 63.823279 65.086105 66.738824
1.870000 63.912183 65.171462 66.823501
1.880000 64.001246 65.256968 66.908278
1.890000 64.090463 65.342619 66.993153
1.900000 64.179828 65.428409 67.078122
1.910000 64.269336 65.514335 67.163182
1.920000 64.358982 65.600393 67.248329
1.930000 64.448760 65.686578 67.333562
1.940000 64.538666 65.772887 67.418876
1.950000 64.628696 65.859315 67.504270
1.960000 64.718843 65.945859 67.589740
1.970000 64.809105 66.032515 67.675284
1.980000 64.899476 66.119279 67.760899
1.990000 64.989951 66.206147 67.846582
2.000000 65.080527 66.293117 67.932331
2.010000 65.171199 66.380184 68.018143
2.020000 65.261964 66.467345 68.104016
2.030000 65.352817 66.554597 68.189947
2.040000 65.443754 66.641937 68.275934
2.050000 65.534771 66.729361 68.361974
2.060000 65.625865 66.816866 68.448066
2.070000 65.717032 66.904449 68.534207
2.080000 65.808269 66.992108 68.620395
2.090000 65.899571 67.079838 68.706628
2.100000 65.990936 67.167637 68.792903
2.110000 66.082360 67.255503 68.879218
2.120000 66.173839 67.343433 68.965573
2.130000 66.265372 67.431423 69.051963
2.140000 66.356953 67.519471 69.138389
2.150000 66.448582 67.607575 69.224847
2.160000 66.540253 67.695732 69.311336
2.170000 66.631965 67.783939 69.397853
2.180000 66.723715 67.872194 69.484398
2.190000 66.815499 67.960495 69.570969
2.200000 66.907316 68.048839 69.657563
2.210000 66.999162 68.137224 69.744179
2.220000 67.091035 68.225647 69.830815
2.230000 67.182932 68.314107 69.917470
2.240000 67.274850 68.402601 70.004142
2.250000 67.366788 68.491127 70.090830
2.260000 67.458743 68.579682 70.177531
2.270000 67.550713 68.668266 70.264246
2.280000 67.642695 68.756876 70.350971
2.290000 67.734687 68.845509 70.437706
2.300000 67.826687 68.934164 70.524448
2.310000 67.918692 69.022840 70.611198
2.320000 68.010702 69.111533 70.697953
2.330000 68.102713 69.200243 70.784712
2.340000 68.194723 69.288968 70.871474
2.350000 68.286732 69.377705 70.958238
2.360000 68.378736 69.466453 71.045002
2.370000 68.470734 69.555211 71.131764
2.380000 68.562725 69.643977 71.218525
2.390000 68.654706 69.732749 71.305282
2.400000 68.746676 69.821525 71.392034
2.410000 68.838633 69.910304 71.478781
2.420000 68.930575 69.999085 71.565521
2.430000 69.022501 70.087866 71.652253
2.440000 69.114409 70.176646 71.738976
2.450000 69.206298 70.265423 71.825689
2.460000 69.298166 70.354196 71.912391
2.470000 69.390012 70.442963 71.999081
2.480000 69.481834 70.531723 72.085758
2.490000 69.573631 70.620475 72.172421
2.500000 69.665402 70.709217 72.259068
2.510000 69.757144 70.797948 72.345700
2.520000 69.848858 70.886668 72.432315
2.530000 69.940068 70.975374 72.518912
2.540000 70.030538 71.064066 72.605806
2.550000 70.120983 71.152742 72.693209
2.560000 70.211401 71.241402 72.780596
2.570000 70.301792 71.330044 72.867966
2.580000 70.392153 71.418666 72.955317
2.590000 70.482484 71.507269 73.042648
2.600000 70.572783 71.595850 73.129959
2.610000 70.663050 71.684409 73.217249
2.620000 70.753284 71.772945 73.304518
2.630000 70.843484 71.861457 73.391763
2.640000 70.933648 71.949944 73.478985
2.650000 71.023776 72.038405 73.566184
2.660000 71.113867 72.126839 73.653357
2.670000 71.203920 72.215246 73.740504
2.680000 71.293934 72.303623 73.827624
2.690000 71.383907 72.391972 73.914718
2.700000 71.473840 72.480290 74.001783
2.710000 71.563731 72.568577 74.088820
2.720000 71.653580 72.656832 74.175827
2.730000 71.743385 72.745054 74.262805
2.740000 71.833147 72.833242 74.349751
2.750000 71.922863 72.921396 74.436666
2.760000 72.012534 73.009516 74.523549
2.770000 72.102158 73.097599 74.610400
2.780000 72.191736 73.185646 74.697217
2.790000 72.281265 73.273656 74.784001
2.800000 72.370747 73.361627 74.870749
2.810000 72.460179 73.449561 74.957463
2.820000 72.549561 73.537455 75.044142
2.830000 72.638893 73.625309 75.130784
2.840000 72.728174 73.713123 75.217390
2.850000 72.817404 73.800895 75.303958
2.860000 72.906581 73.888626 75.390489
2.870000 72.995706 73.976315 75.476981
2.880000 73.084777 74.063961 75.563435
2.890000 73.173794 74.151564 75.649849
2.900000 73.262757 74.239122 75.736224
2.910000 73.351665 74.326636 75.822558
2.920000 73.440518 74.414106 75.908852
2.930000 73.529315 74.501529 75.995105
2.940000 73.618056 74.588907 76.081317
2.950000 73.706739 74.676238 76.167486
2.960000 73.795366 74.763522 76.253613
2.970000 73.883934 74.850759 76.339698
2.980000 73.972445 74.937948 76.425739
2.990000 74.060897 75.025088 76.511736
