# rho=rho_DE(z)/rho_crit
# z  rho(-1sigma) rho(best) rho(+1sigma)
0.000000 0.682229 0.702255 0.710843
0.010000 0.682229 0.702255 0.710843
0.020000 0.682229 0.702255 0.710843
0.030000 0.682229 0.702255 0.710843
0.040000 0.682229 0.702255 0.710843
0.050000 0.682229 0.702255 0.710843
0.060000 0.682229 0.702255 0.710843
0.070000 0.682229 0.702255 0.710843
0.080000 0.682229 0.702255 0.710843
0.090000 0.682229 0.702255 0.710843
0.100000 0.682229 0.702255 0.710843
0.110000 0.678166 0.712641 0.754306
0.120000 0.678166 0.712641 0.754306
0.130000 0.678166 0.712641 0.754306
0.140000 0.678166 0.712641 0.754306
0.150000 0.678166 0.712641 0.754306
0.160000 0.678166 0.712641 0.754306
0.170000 0.678166 0.712641 0.754306
0.180000 0.678166 0.712641 0.754306
0.190000 0.678166 0.712641 0.754306
0.200000 0.678166 0.712641 0.754306
0.210000 0.678166 0.712641 0.754306
0.220000 0.678166 0.712641 0.754306
0.230000 0.678166 0.712641 0.754306
0.240000 0.678166 0.712641 0.754306
0.250000 0.678166 0.712641 0.754306
0.260000 0.678166 0.712641 0.754306
0.270000 0.678166 0.712641 0.754306
0.280000 0.678166 0.712641 0.754306
0.290000 0.678166 0.712641 0.754306
0.300000 0.678166 0.712641 0.754306
0.310000 0.678166 0.712641 0.754306
0.320000 0.678166 0.712641 0.754306
0.330000 0.678166 0.712641 0.754306
0.340000 0.678166 0.712641 0.754306
0.350000 0.678166 0.712641 0.754306
0.360000 0.678166 0.712641 0.754306
0.370000 0.678166 0.712641 0.754306
0.380000 0.678166 0.712641 0.754306
0.390000 0.678166 0.712641 0.754306
0.400000 0.678166 0.712641 0.754306
0.410000 0.678166 0.712641 0.754306
0.420000 0.678166 0.712641 0.754306
0.430000 0.678166 0.712641 0.754306
0.440000 0.678166 0.712641 0.754306
0.450000 0.678166 0.712641 0.754306
0.460000 0.678166 0.712641 0.754306
0.470000 0.678166 0.712641 0.754306
0.480000 0.678166 0.712641 0.754306
0.490000 0.678166 0.712641 0.754306
0.500000 0.662746 0.772629 0.926844
0.510000 0.662746 0.772629 0.926844
0.520000 0.662746 0.772629 0.926844
0.530000 0.662746 0.772629 0.926844
0.540000 0.662746 0.772629 0.926844
0.550000 0.662746 0.772629 0.926844
0.560000 0.662746 0.772629 0.926844
0.570000 0.662746 0.772629 0.926844
0.580000 0.662746 0.772629 0.926844
0.590000 0.662746 0.772629 0.926844
0.600000 0.662746 0.772629 0.926844
0.610000 0.662746 0.772629 0.926844
0.620000 0.662746 0.772629 0.926844
0.630000 0.662746 0.772629 0.926844
0.640000 0.662746 0.772629 0.926844
0.650000 0.662746 0.772629 0.926844
0.660000 0.662746 0.772629 0.926844
0.670000 0.662746 0.772629 0.926844
0.680000 0.662746 0.772629 0.926844
0.690000 0.662746 0.772629 0.926844
0.700000 0.662746 0.772629 0.926844
0.710000 0.662746 0.772629 0.926844
0.720000 0.662746 0.772629 0.926844
0.730000 0.662746 0.772629 0.926844
0.740000 0.662746 0.772629 0.926844
0.750000 0.662746 0.772629 0.926844
0.760000 0.662746 0.772629 0.926844
0.770000 0.662746 0.772629 0.926844
0.780000 0.662746 0.772629 0.926844
0.790000 0.662746 0.772629 0.926844
0.800000 0.662746 0.772629 0.926844
0.810000 0.662746 0.772629 0.926844
0.820000 0.662746 0.772629 0.926844
0.830000 0.662746 0.772629 0.926844
0.840000 0.662746 0.772629 0.926844
0.850000 0.662746 0.772629 0.926844
0.860000 0.662746 0.772629 0.926844
0.870000 0.662746 0.772629 0.926844
0.880000 0.662746 0.772629 0.926844
0.890000 0.662746 0.772629 0.926844
0.900000 0.662746 0.772629 0.926844
0.910000 0.662746 0.772629 0.926844
0.920000 0.662746 0.772629 0.926844
0.930000 0.662746 0.772629 0.926844
0.940000 0.662746 0.772629 0.926844
0.950000 0.662746 0.772629 0.926844
0.960000 0.662746 0.772629 0.926844
0.970000 0.662746 0.772629 0.926844
0.980000 0.662746 0.772629 0.926844
0.990000 0.662746 0.772629 0.926844
1.000000 0.662746 0.772629 0.926844
1.010000 0.662746 0.772629 0.926844
1.020000 0.662746 0.772629 0.926844
1.030000 0.662746 0.772629 0.926844
1.040000 0.662746 0.772629 0.926844
1.050000 0.662746 0.772629 0.926844
1.060000 0.662746 0.772629 0.926844
1.070000 0.662746 0.772629 0.926844
1.080000 0.662746 0.772629 0.926844
1.090000 0.662746 0.772629 0.926844
1.100000 0.662746 0.772629 0.926844
1.110000 0.662746 0.772629 0.926844
1.120000 0.662746 0.772629 0.926844
1.130000 0.662746 0.772629 0.926844
1.140000 0.662746 0.772629 0.926844
1.150000 0.662746 0.772629 0.926844
1.160000 0.662746 0.772629 0.926844
1.170000 0.662746 0.772629 0.926844
1.180000 0.662746 0.772629 0.926844
1.190000 0.662746 0.772629 0.926844
1.200000 0.662746 0.772629 0.926844
1.210000 0.662746 0.772629 0.926844
1.220000 0.662746 0.772629 0.926844
1.230000 0.662746 0.772629 0.926844
1.240000 0.662746 0.772629 0.926844
1.250000 0.662746 0.772629 0.926844
1.260000 0.662746 0.772629 0.926844
1.270000 0.662746 0.772629 0.926844
1.280000 0.662746 0.772629 0.926844
1.290000 0.662746 0.772629 0.926844
1.300000 0.662746 0.772629 0.926844
1.310000 0.662746 0.772629 0.926844
1.320000 0.662746 0.772629 0.926844
1.330000 0.662746 0.772629 0.926844
1.340000 0.662746 0.772629 0.926844
1.350000 0.662746 0.772629 0.926844
1.360000 0.662746 0.772629 0.926844
1.370000 0.662746 0.772629 0.926844
1.380000 0.662746 0.772629 0.926844
1.390000 0.662746 0.772629 0.926844
1.400000 0.662746 0.772629 0.926844
1.410000 0.662746 0.772629 0.926844
1.420000 0.662746 0.772629 0.926844
1.430000 0.662746 0.772629 0.926844
1.440000 0.662746 0.772629 0.926844
1.450000 0.662746 0.772629 0.926844
1.460000 0.662746 0.772629 0.926844
1.470000 0.662746 0.772629 0.926844
1.480000 0.662746 0.772629 0.926844
1.490000 0.662746 0.772629 0.926844
1.500000 0.662746 0.772629 0.926844
1.510000 0.662746 0.772629 0.926844
1.520000 0.662746 0.772629 0.926844
1.530000 0.662746 0.772629 0.926844
1.540000 0.662746 0.772629 0.926844
1.550000 0.662746 0.772629 0.926844
1.560000 0.662746 0.772629 0.926844
1.570000 0.662746 0.772629 0.926844
1.580000 0.662746 0.772629 0.926844
1.590000 0.662746 0.772629 0.926844
1.600000 0.662746 0.772629 0.926844
1.610000 0.662746 0.772629 0.926844
1.620000 0.662746 0.772629 0.926844
1.630000 0.662746 0.772629 0.926844
1.640000 0.662746 0.772629 0.926844
1.650000 0.662746 0.772629 0.926844
1.660000 0.662746 0.772629 0.926844
1.670000 0.662746 0.772629 0.926844
1.680000 0.662746 0.772629 0.926844
1.690000 0.662746 0.772629 0.926844
1.700000 0.662746 0.772629 0.926844
1.710000 0.662746 0.772629 0.926844
1.720000 0.662746 0.772629 0.926844
1.730000 0.662746 0.772629 0.926844
1.740000 0.662746 0.772629 0.926844
1.750000 0.662746 0.772629 0.926844
1.760000 0.662746 0.772629 0.926844
1.770000 0.662746 0.772629 0.926844
1.780000 0.662746 0.772629 0.926844
1.790000 0.662746 0.772629 0.926844
1.800000 0.662746 0.772629 0.926844
1.810000 0.662746 0.772629 0.926844
1.820000 0.662746 0.772629 0.926844
1.830000 0.662746 0.772629 0.926844
1.840000 0.662746 0.772629 0.926844
1.850000 0.662746 0.772629 0.926844
1.860000 0.662746 0.772629 0.926844
1.870000 0.662746 0.772629 0.926844
1.880000 0.662746 0.772629 0.926844
1.890000 0.662746 0.772629 0.926844
1.900000 0.662746 0.772629 0.926844
1.910000 0.662746 0.772629 0.926844
1.920000 0.662746 0.772629 0.926844
1.930000 0.662746 0.772629 0.926844
1.940000 0.662746 0.772629 0.926844
1.950000 0.662746 0.772629 0.926844
1.960000 0.662746 0.772629 0.926844
1.970000 0.662746 0.772629 0.926844
1.980000 0.662746 0.772629 0.926844
1.990000 0.662746 0.772629 0.926844
2.000000 0.662746 0.772629 0.926844
2.010000 0.662746 0.772629 0.926844
2.020000 0.662746 0.772629 0.926844
2.030000 0.662746 0.772629 0.926844
2.040000 0.662746 0.772629 0.926844
2.050000 0.662746 0.772629 0.926844
2.060000 0.662746 0.772629 0.926844
2.070000 0.662746 0.772629 0.926844
2.080000 0.662746 0.772629 0.926844
2.090000 0.662746 0.772629 0.926844
2.100000 0.662746 0.772629 0.926844
2.110000 0.662746 0.772629 0.926844
2.120000 0.662746 0.772629 0.926844
2.130000 0.662746 0.772629 0.926844
2.140000 0.662746 0.772629 0.926844
2.150000 0.662746 0.772629 0.926844
2.160000 0.662746 0.772629 0.926844
2.170000 0.662746 0.772629 0.926844
2.180000 0.662746 0.772629 0.926844
2.190000 0.662746 0.772629 0.926844
2.200000 -0.871619 -0.331104 0.357907
2.210000 -0.871619 -0.331104 0.357907
2.220000 -0.871619 -0.331104 0.357907
2.230000 -0.871619 -0.331104 0.357907
2.240000 -0.871619 -0.331104 0.357907
2.250000 -0.871619 -0.331104 0.357907
2.260000 -0.871619 -0.331104 0.357907
2.270000 -0.871619 -0.331104 0.357907
2.280000 -0.871619 -0.331104 0.357907
2.290000 -0.871619 -0.331104 0.357907
2.300000 -0.871619 -0.331104 0.357907
2.310000 -0.871619 -0.331104 0.357907
2.320000 -0.871619 -0.331104 0.357907
2.330000 -0.871619 -0.331104 0.357907
2.340000 -0.871619 -0.331104 0.357907
2.350000 -0.871619 -0.331104 0.357907
2.360000 -0.871619 -0.331104 0.357907
2.370000 -0.871619 -0.331104 0.357907
2.380000 -0.871619 -0.331104 0.357907
2.390000 -0.871619 -0.331104 0.357907
2.400000 -0.871619 -0.331104 0.357907
2.410000 -0.871619 -0.331104 0.357907
2.420000 -0.871619 -0.331104 0.357907
2.430000 -0.871619 -0.331104 0.357907
2.440000 -0.871619 -0.331104 0.357907
2.450000 -0.871619 -0.331104 0.357907
2.460000 -0.871619 -0.331104 0.357907
2.470000 -0.871619 -0.331104 0.357907
2.480000 -0.871619 -0.331104 0.357907
2.490000 -0.871619 -0.331104 0.357907
2.500000 -0.871619 -0.331104 0.357907
2.510000 -0.871619 -0.331104 0.357907
2.520000 -0.871619 -0.331104 0.357907
2.530000 -0.871619 -0.331104 0.357907
2.540000 -0.871619 -0.331104 0.357907
2.550000 -0.871619 -0.331104 0.357907
2.560000 -0.871619 -0.331104 0.357907
2.570000 -0.871619 -0.331104 0.357907
2.580000 -0.871619 -0.331104 0.357907
2.590000 -0.871619 -0.331104 0.357907
2.600000 -0.871619 -0.331104 0.357907
2.610000 -0.871619 -0.331104 0.357907
2.620000 -0.871619 -0.331104 0.357907
2.630000 -0.871619 -0.331104 0.357907
2.640000 -0.871619 -0.331104 0.357907
2.650000 -0.871619 -0.331104 0.357907
2.660000 -0.871619 -0.331104 0.357907
2.670000 -0.871619 -0.331104 0.357907
2.680000 -0.871619 -0.331104 0.357907
2.690000 -0.871619 -0.331104 0.357907
2.700000 -0.871619 -0.331104 0.357907
2.710000 -0.871619 -0.331104 0.357907
2.720000 -0.871619 -0.331104 0.357907
2.730000 -0.871619 -0.331104 0.357907
2.740000 -0.871619 -0.331104 0.357907
2.750000 -0.871619 -0.331104 0.357907
2.760000 -0.871619 -0.331104 0.357907
2.770000 -0.871619 -0.331104 0.357907
2.780000 -0.871619 -0.331104 0.357907
2.790000 -0.871619 -0.331104 0.357907
2.800000 -0.871619 -0.331104 0.357907
2.810000 -0.871619 -0.331104 0.357907
2.820000 -0.871619 -0.331104 0.357907
2.830000 -0.871619 -0.331104 0.357907
2.840000 -0.871619 -0.331104 0.357907
2.850000 -0.871619 -0.331104 0.357907
2.860000 -0.871619 -0.331104 0.357907
2.870000 -0.871619 -0.331104 0.357907
2.880000 -0.871619 -0.331104 0.357907
2.890000 -0.871619 -0.331104 0.357907
2.900000 -0.871619 -0.331104 0.357907
2.910000 -0.871619 -0.331104 0.357907
2.920000 -0.871619 -0.331104 0.357907
2.930000 -0.871619 -0.331104 0.357907
2.940000 -0.871619 -0.331104 0.357907
2.950000 -0.871619 -0.331104 0.357907
2.960000 -0.871619 -0.331104 0.357907
2.970000 -0.871619 -0.331104 0.357907
2.980000 -0.871619 -0.331104 0.357907
2.990000 -0.871619 -0.331104 0.357907
