[1.08659117e-29 6.64527978e-11 2.75854797e-10 4.70639181e-10
 1.05911974e-08 4.30238006e-08 7.03295412e-08 7.83352681e-08
 3.65529457e-07 6.96876749e-07 1.64619000e-06 2.56369395e-05
 1.00658053e-04 2.64993533e-04 7.52682034e-04 1.93764889e-03
 3.16909257e-03 4.12680069e-03 5.15682670e-03 6.03488767e-03
 6.38019903e-03 6.24584656e-03 6.28210747e-03 8.48889847e-03
 1.01246247e-02 9.89476559e-03 1.05385171e-02 1.20598399e-02
 1.36588585e-02 1.41655747e-02 1.67799612e-02 1.97173247e-02
 1.93494758e-02 1.78040854e-02 1.89360389e-02 2.10684240e-02
 2.33437366e-02 2.99557772e-02 3.33317383e-02 3.22294626e-02
 3.42584243e-02 3.47452686e-02 3.47494016e-02 3.64714900e-02
 3.53201330e-02 3.37766558e-02 3.30951475e-02 3.19043572e-02
 2.98704386e-02 2.73261203e-02 2.50417368e-02 2.30201044e-02
 2.12880837e-02 1.96049039e-02 1.81210079e-02 1.68992581e-02
 1.57163141e-02 1.45026860e-02 1.32974459e-02 1.23897812e-02
 1.15754239e-02 1.07541140e-02 9.92407299e-03 9.27366049e-03
 8.67912726e-03 7.96419623e-03 7.35839994e-03 6.79434405e-03
 6.21799450e-03 5.72893836e-03 5.30690114e-03 4.86345246e-03
 4.45546559e-03 4.07762806e-03 3.72217920e-03 3.40668184e-03
 3.12866449e-03 2.86449513e-03 2.60703534e-03 2.37274879e-03
 2.15908420e-03 1.97271261e-03 1.80294358e-03 1.64003429e-03
 1.49262702e-03 1.35875707e-03 1.23697132e-03 1.12628722e-03
 1.02462153e-03 9.33640426e-04 8.50642877e-04] 7.264160002680172 0.32225979 0.02204641 0.67607871
[1.08566538e-29 6.63961790e-11 2.75619765e-10 4.70238190e-10
 1.05821736e-08 4.29871437e-08 7.02696194e-08 7.82685252e-08
 3.65218021e-07 6.96283000e-07 1.64478742e-06 2.56150965e-05
 1.00572290e-04 2.64767754e-04 7.52040737e-04 1.93599799e-03
 3.16639245e-03 4.12328460e-03 5.15243300e-03 6.02974585e-03
 6.37476301e-03 6.24052501e-03 6.27675502e-03 8.48166580e-03
 1.01159984e-02 9.88633511e-03 1.05295381e-02 1.20495647e-02
 1.36472209e-02 1.41535055e-02 1.67656644e-02 1.97005252e-02
 1.93329898e-02 1.77889161e-02 1.89199051e-02 2.10504734e-02
 2.33238474e-02 2.99302544e-02 3.33033392e-02 3.22020026e-02
 3.42292356e-02 3.47156652e-02 3.47197946e-02 3.64404157e-02
 3.52900397e-02 3.37478776e-02 3.30669499e-02 3.18771742e-02
 2.98449885e-02 2.73028380e-02 2.50204009e-02 2.30004909e-02
 2.12699459e-02 1.95882002e-02 1.81055685e-02 1.68848597e-02
 1.57029235e-02 1.44903295e-02 1.32861163e-02 1.23792249e-02
 1.15655615e-02 1.07449513e-02 9.91561754e-03 9.26575919e-03
 8.67173252e-03 7.95741062e-03 7.35213048e-03 6.78855516e-03
 6.21269668e-03 5.72405722e-03 5.30237958e-03 4.85930872e-03
 4.45166947e-03 4.07415386e-03 3.71900785e-03 3.40377930e-03
 3.12599882e-03 2.86205454e-03 2.60481411e-03 2.37072717e-03
 2.15724463e-03 1.97103183e-03 1.80140744e-03 1.63863696e-03
 1.49135528e-03 1.35759939e-03 1.23591741e-03 1.12532761e-03
 1.02374853e-03 9.32844950e-04 8.49918117e-04 8.52014810e-04] 7.259479060644575 0.31915744 0.0220625  0.67909248
[1.08473825e-29 6.63394782e-11 2.75384392e-10 4.69836617e-10
 1.05731367e-08 4.29504337e-08 7.02096108e-08 7.82016857e-08
 3.64906133e-07 6.95688390e-07 1.64338281e-06 2.55932218e-05
 1.00486404e-04 2.64541649e-04 7.51398512e-04 1.93434469e-03
 3.16368843e-03 4.11976341e-03 5.14803295e-03 6.02459659e-03
 6.36931911e-03 6.23519575e-03 6.27139482e-03 8.47442266e-03
 1.01073596e-02 9.87789241e-03 1.05205461e-02 1.20392746e-02
 1.36355665e-02 1.41414187e-02 1.67513470e-02 1.96837014e-02
 1.93164799e-02 1.77737248e-02 1.89037479e-02 2.10324967e-02
 2.33039293e-02 2.99046946e-02 3.32748989e-02 3.21745028e-02
 3.42000046e-02 3.46860188e-02 3.46901447e-02 3.64092965e-02
 3.52599028e-02 3.37190577e-02 3.30387115e-02 3.18499519e-02
 2.98195016e-02 2.72795220e-02 2.49990341e-02 2.29808491e-02
 2.12517819e-02 1.95714723e-02 1.80901068e-02 1.68704404e-02
 1.56895136e-02 1.44779551e-02 1.32747703e-02 1.23686533e-02
 1.15556847e-02 1.07357754e-02 9.90714983e-03 9.25784645e-03
 8.66432706e-03 7.95061518e-03 7.34585193e-03 6.78275790e-03
 6.20739118e-03 5.71916901e-03 5.29785147e-03 4.85515899e-03
 4.44786785e-03 4.07067463e-03 3.71583190e-03 3.40087255e-03
 3.12332929e-03 2.85961041e-03 2.60258966e-03 2.36870263e-03
 2.15540239e-03 1.96934861e-03 1.79986908e-03 1.63723760e-03
 1.49008170e-03 1.35644003e-03 1.23486196e-03 1.12436660e-03
 1.02287428e-03 9.32048322e-04 8.49192306e-04 8.51287209e-04
 8.53976720e-04] 7.257846457640882 0.32448538 0.02202433 0.67632191
[1.08381112e-29 6.62827779e-11 2.75149021e-10 4.69435048e-10
 1.05640998e-08 4.29137240e-08 7.01496027e-08 7.81348468e-08
 3.64594248e-07 6.95093786e-07 1.64197821e-06 2.55713473e-05
 1.00400518e-04 2.64315545e-04 7.50756292e-04 1.93269141e-03
 3.16098442e-03 4.11624225e-03 5.14363293e-03 6.01944737e-03
 6.36387526e-03 6.22986653e-03 6.26603466e-03 8.46717957e-03
 1.00987208e-02 9.86944978e-03 1.05115542e-02 1.20289847e-02
 1.36239122e-02 1.41293320e-02 1.67370296e-02 1.96668778e-02
 1.92999701e-02 1.77585336e-02 1.88875909e-02 2.10145203e-02
 2.32840115e-02 2.98791351e-02 3.32464588e-02 3.21470033e-02
 3.41707739e-02 3.46563727e-02 3.46604951e-02 3.63781774e-02
 3.52297662e-02 3.36902380e-02 3.30104733e-02 3.18227297e-02
 2.97940149e-02 2.72562062e-02 2.49776674e-02 2.29612073e-02
 2.12336180e-02 1.95547446e-02 1.80746452e-02 1.68560213e-02
 1.56761038e-02 1.44655808e-02 1.32634243e-02 1.23580818e-02
 1.15458081e-02 1.07265995e-02 9.89868219e-03 9.24993377e-03
 8.65692166e-03 7.94381979e-03 7.33957343e-03 6.77696068e-03
 6.20208573e-03 5.71428084e-03 5.29332340e-03 4.85100928e-03
 4.44406626e-03 4.06719543e-03 3.71265598e-03 3.39796583e-03
 3.12065978e-03 2.85716631e-03 2.60036523e-03 2.36667810e-03
 2.15356017e-03 1.96766541e-03 1.79833074e-03 1.63583826e-03
 1.48880813e-03 1.35528068e-03 1.23380653e-03 1.12340561e-03
 1.02200003e-03 9.31251701e-04 8.48466502e-04 8.50559614e-04
 8.53246827e-04 8.54699555e-04] 7.256076896126985 0.31252429 0.02202312 0.68574128
[1.08288468e-29 6.62261196e-11 2.74913825e-10 4.69033777e-10
 1.05550697e-08 4.28770415e-08 7.00896391e-08 7.80680575e-08
 3.64282595e-07 6.94499622e-07 1.64057466e-06 2.55494890e-05
 1.00314696e-04 2.64089609e-04 7.50114549e-04 1.93103935e-03
 3.15828243e-03 4.11272370e-03 5.13923617e-03 6.01430197e-03
 6.35843544e-03 6.22454127e-03 6.26067848e-03 8.45994186e-03
 1.00900885e-02 9.86101341e-03 1.05025690e-02 1.20187024e-02
 1.36122666e-02 1.41172543e-02 1.67227228e-02 1.96500666e-02
 1.92834725e-02 1.77433537e-02 1.88714459e-02 2.09965572e-02
 2.32641084e-02 2.98535946e-02 3.32180399e-02 3.21195242e-02
 3.41415649e-02 3.46267485e-02 3.46308674e-02 3.63470815e-02
 3.51996519e-02 3.36614398e-02 3.29822561e-02 3.17955278e-02
 2.97685471e-02 2.72329078e-02 2.49563166e-02 2.29415802e-02
 2.12154676e-02 1.95380293e-02 1.80591951e-02 1.68416128e-02
 1.56627039e-02 1.44532157e-02 1.32520868e-02 1.23475182e-02
 1.15359388e-02 1.07174305e-02 9.89022084e-03 9.24202697e-03
 8.64952176e-03 7.93702945e-03 7.33329960e-03 6.77116776e-03
 6.19678421e-03 5.70939629e-03 5.28879869e-03 4.84686266e-03
 4.44026749e-03 4.06371881e-03 3.70948242e-03 3.39506126e-03
 3.11799225e-03 2.85472401e-03 2.59814245e-03 2.36465507e-03
 2.15171932e-03 1.96598346e-03 1.79679353e-03 1.63443995e-03
 1.48753550e-03 1.35412220e-03 1.23275187e-03 1.12244532e-03
 1.02112643e-03 9.30455671e-04 8.47741237e-04 8.49832559e-04
 8.52517475e-04 8.53968961e-04 8.54795755e-04] 7.255910262645874 0.32039427 0.02206915 0.68139522
[1.08195970e-29 6.61695504e-11 2.74678998e-10 4.68633136e-10
 1.05460537e-08 4.28404166e-08 7.00297697e-08 7.80013730e-08
 3.63971431e-07 6.93906393e-07 1.63917330e-06 2.55276651e-05
 1.00229009e-04 2.63864028e-04 7.49473814e-04 1.92938989e-03
 3.15558468e-03 4.10921068e-03 5.13484632e-03 6.00916466e-03
 6.35300417e-03 6.21922437e-03 6.25533072e-03 8.45271552e-03
 1.00814697e-02 9.85259030e-03 1.04935979e-02 1.20084362e-02
 1.36006392e-02 1.41051956e-02 1.67084386e-02 1.96332819e-02
 1.92670009e-02 1.77281976e-02 1.88553262e-02 2.09786223e-02
 2.32442366e-02 2.98280941e-02 3.31896656e-02 3.20920882e-02
 3.41124017e-02 3.45971710e-02 3.46012863e-02 3.63160345e-02
 3.51695850e-02 3.36326867e-02 3.29540832e-02 3.17683686e-02
 2.97431193e-02 2.72096459e-02 2.49349993e-02 2.29219839e-02
 2.11973457e-02 1.95213402e-02 1.80437692e-02 1.68272270e-02
 1.56493251e-02 1.44408700e-02 1.32407671e-02 1.23369712e-02
 1.15260850e-02 1.07082758e-02 9.88177278e-03 9.23413258e-03
 8.64213349e-03 7.93024977e-03 7.32703562e-03 6.76538394e-03
 6.19149102e-03 5.70451942e-03 5.28428109e-03 4.84272255e-03
 4.43647469e-03 4.06024765e-03 3.70631384e-03 3.39216126e-03
 3.11532892e-03 2.85228556e-03 2.59592316e-03 2.36263522e-03
 2.14988136e-03 1.96430415e-03 1.79525874e-03 1.63304384e-03
 1.48626487e-03 1.35296553e-03 1.23169888e-03 1.12148655e-03
 1.02025420e-03 9.29660891e-04 8.47017110e-04 8.49106647e-04
 8.51789269e-04 8.53239516e-04 8.54065603e-04 8.54183094e-04] 7.255801777183333 0.31408272 0.02200833 0.68627204
[1.08103614e-29 6.61130678e-11 2.74444531e-10 4.68233109e-10
 1.05370515e-08 4.28038479e-08 6.99699920e-08 7.79347907e-08
 3.63660743e-07 6.93314071e-07 1.63777410e-06 2.55058745e-05
 1.00143453e-04 2.63638793e-04 7.48834059e-04 1.92774295e-03
 3.15289106e-03 4.10570305e-03 5.13046319e-03 6.00403521e-03
 6.34758122e-03 6.21391561e-03 6.24999114e-03 8.44550025e-03
 1.00728641e-02 9.84418009e-03 1.04846405e-02 1.19981857e-02
 1.35890296e-02 1.40931554e-02 1.66941762e-02 1.96165228e-02
 1.92505545e-02 1.77130647e-02 1.88392312e-02 2.09607148e-02
 2.32243952e-02 2.98026327e-02 3.31613348e-02 3.20646943e-02
 3.40832832e-02 3.45676387e-02 3.45717505e-02 3.62850349e-02
 3.51395641e-02 3.36039777e-02 3.29259535e-02 3.17412510e-02
 2.97177304e-02 2.71864196e-02 2.49137147e-02 2.29024176e-02
 2.11792516e-02 1.95046767e-02 1.80283670e-02 1.68128632e-02
 1.56359668e-02 1.44285432e-02 1.32294647e-02 1.23264403e-02
 1.15162463e-02 1.06991352e-02 9.87333766e-03 9.22625029e-03
 8.63475652e-03 7.92348047e-03 7.32078123e-03 6.75960898e-03
 6.18620594e-03 5.69965002e-03 5.27977040e-03 4.83858878e-03
 4.43268769e-03 4.05678180e-03 3.70315012e-03 3.38926569e-03
 3.11266966e-03 2.84985083e-03 2.59370727e-03 2.36061847e-03
 2.14804621e-03 1.96262741e-03 1.79372630e-03 1.63164986e-03
 1.48499619e-03 1.35181063e-03 1.23064749e-03 1.12052924e-03
 1.01938330e-03 9.28867329e-04 8.46294093e-04 8.48381845e-04
 8.51062178e-04 8.52511187e-04 8.53336569e-04 8.53453960e-04
 8.53604309e-04] 7.25555797407571 0.31627827 0.02202218 0.68094085
[1.08011392e-29 6.60566678e-11 2.74210407e-10 4.67833667e-10
 1.05280625e-08 4.27673326e-08 6.99103018e-08 7.78683059e-08
 3.63350510e-07 6.92722616e-07 1.63637694e-06 2.54841159e-05
 1.00058023e-04 2.63413887e-04 7.48195242e-04 1.92609843e-03
 3.15020138e-03 4.10220054e-03 5.12608648e-03 5.99891326e-03
 6.34216621e-03 6.20861462e-03 6.24465937e-03 8.43829553e-03
 1.00642711e-02 9.83578218e-03 1.04756962e-02 1.19879503e-02
 1.35774371e-02 1.40811327e-02 1.66799347e-02 1.95997883e-02
 1.92341322e-02 1.76979540e-02 1.88231598e-02 2.09428336e-02
 2.32045829e-02 2.97772086e-02 3.31330454e-02 3.20373404e-02
 3.40542073e-02 3.45381496e-02 3.45422579e-02 3.62540808e-02
 3.51095871e-02 3.35753107e-02 3.28978649e-02 3.17141730e-02
 2.96923787e-02 2.71632273e-02 2.48924612e-02 2.28828799e-02
 2.11611839e-02 1.94880376e-02 1.80129873e-02 1.67985204e-02
 1.56226280e-02 1.44162344e-02 1.32181789e-02 1.23159248e-02
 1.15064219e-02 1.06900079e-02 9.86491488e-03 9.21837953e-03
 8.62739036e-03 7.91672108e-03 7.31453599e-03 6.75384247e-03
 6.18092859e-03 5.69478774e-03 5.27526632e-03 4.83446106e-03
 4.42890624e-03 4.05332103e-03 3.69999102e-03 3.38637437e-03
 3.11001429e-03 2.84741967e-03 2.59149462e-03 2.35860466e-03
 2.14621375e-03 1.96095312e-03 1.79219610e-03 1.63025793e-03
 1.48372936e-03 1.35065742e-03 1.22959765e-03 1.11957334e-03
 1.01851368e-03 9.28074928e-04 8.45572133e-04 8.47658105e-04
 8.50336151e-04 8.51783923e-04 8.52608602e-04 8.52725893e-04
 8.52876114e-04 8.53083451e-04] 7.255315629808629 0.31748271 0.0219774  0.68179568
[1.07919253e-29 6.60003184e-11 2.73976493e-10 4.67434583e-10
 1.05190816e-08 4.27308501e-08 6.98506650e-08 7.78018805e-08
 3.63040555e-07 6.92131691e-07 1.63498103e-06 2.54623767e-05
 9.99726685e-05 2.63189182e-04 7.47556996e-04 1.92445537e-03
 3.14751411e-03 4.09870117e-03 5.12171369e-03 5.99379591e-03
 6.33675604e-03 6.20331838e-03 6.23933238e-03 8.43109727e-03
 1.00556858e-02 9.82739179e-03 1.04667599e-02 1.19777240e-02
 1.35658549e-02 1.40691208e-02 1.66657059e-02 1.95830687e-02
 1.92177246e-02 1.76828568e-02 1.88071027e-02 2.09249683e-02
 2.31847883e-02 2.97518072e-02 3.31047813e-02 3.20100110e-02
 3.40251575e-02 3.45086869e-02 3.45127917e-02 3.62231543e-02
 3.50796370e-02 3.35466694e-02 3.28698015e-02 3.16871194e-02
 2.96670497e-02 2.71400558e-02 2.48712268e-02 2.28633597e-02
 2.11431324e-02 1.94714134e-02 1.79976213e-02 1.67841905e-02
 1.56093011e-02 1.44039367e-02 1.32069032e-02 1.23054187e-02
 1.14966064e-02 1.06808888e-02 9.85649964e-03 9.21051581e-03
 8.62003078e-03 7.90996775e-03 7.30829634e-03 6.74808112e-03
 6.17565597e-03 5.68992982e-03 5.27076626e-03 4.83033704e-03
 4.42512817e-03 4.04986335e-03 3.69683475e-03 3.38348563e-03
 3.10736130e-03 2.84499069e-03 2.58928395e-03 2.35659266e-03
 2.14438292e-03 1.95928034e-03 1.79066727e-03 1.62886724e-03
 1.48246367e-03 1.34950525e-03 1.22854874e-03 1.11861829e-03
 1.01764484e-03 9.27283236e-04 8.44850820e-04 8.46935012e-04
 8.49610774e-04 8.51057311e-04 8.51881286e-04 8.51998477e-04
 8.52148570e-04 8.52355730e-04 8.53047317e-04] 7.2539363280461595 0.32409631 0.02204082 0.67872873
[1.07827179e-29 6.59440083e-11 2.73742742e-10 4.67035778e-10
 1.05101070e-08 4.26943930e-08 6.97910699e-08 7.77355016e-08
 3.62730816e-07 6.91541179e-07 1.63358610e-06 2.54406528e-05
 9.98873740e-05 2.62964635e-04 7.46919196e-04 1.92281347e-03
 3.14482871e-03 4.09520424e-03 5.11734395e-03 5.98868213e-03
 6.33134965e-03 6.19802584e-03 6.23400912e-03 8.42390404e-03
 1.00471065e-02 9.81900727e-03 1.04578299e-02 1.19675049e-02
 1.35542808e-02 1.40571174e-02 1.66514871e-02 1.95663609e-02
 1.92013284e-02 1.76677702e-02 1.87910569e-02 2.09071156e-02
 2.31650075e-02 2.97264236e-02 3.30765370e-02 3.19827008e-02
 3.39961280e-02 3.44792448e-02 3.44833462e-02 3.61922495e-02
 3.50497078e-02 3.35180481e-02 3.28417577e-02 3.16600846e-02
 2.96417384e-02 2.71169005e-02 2.48500072e-02 2.28438532e-02
 2.11250935e-02 1.94548008e-02 1.79822661e-02 1.67698706e-02
 1.55959836e-02 1.43916476e-02 1.31956353e-02 1.22949200e-02
 1.14867978e-02 1.06717761e-02 9.84809029e-03 9.20265760e-03
 8.61267636e-03 7.90321913e-03 7.30206106e-03 6.74232381e-03
 6.17038703e-03 5.68507530e-03 5.26626936e-03 4.82621590e-03
 4.42135275e-03 4.04640810e-03 3.69368070e-03 3.38059891e-03
 3.10471017e-03 2.84256340e-03 2.58707483e-03 2.35458207e-03
 2.14255338e-03 1.95760872e-03 1.78913951e-03 1.62747753e-03
 1.48119887e-03 1.34835388e-03 1.22750057e-03 1.11766391e-03
 1.01677661e-03 9.26492098e-04 8.44130012e-04 8.46212426e-04
 8.48885905e-04 8.50331208e-04 8.51154480e-04 8.51271570e-04
 8.51421535e-04 8.51628519e-04 8.52319515e-04 8.53178346e-04] 7.253300990936024 0.32416055 0.02200839 0.67871145
