0.000378289 15.7597 0.294203 0.0226663 0.690156 -0.00168994 -1.93829 -2.11482 -2.01579 -0.00714752 -1.33261 -7.36247 -0.986887 
0.000737082 15.8119 0.301738 0.0219539 0.692611 -0.000432267 -2.21255 -2.84743 -2.08777 -0.00753044 -1.35348 -7.29239 -0.0103384 
0.000299922 16.224 0.294757 0.0222302 0.694693 -0.0229412 -2.70814 -2.5135 -1.96864 -0.021609 -1.5503 -7.3344 -0.104441 
0.000298109 16.2361 0.301839 0.0224469 0.696594 -0.000313818 -2.20103 -2.8495 -2.08937 -0.00731264 -1.34935 -7.30854 -0.430685 
0.000113767 19.549 0.300667 0.0225768 0.70924 -0.107462 -3.84758 -3.45103 -2.15582 -0.0365654 -1.71878 -7.49913 -0.73264 
0.000124265 17.9862 0.300758 0.022677 0.703326 -0.0256207 -2.84666 -3.07239 -2.1004 -0.0183203 -1.52006 -7.38287 -1.01987 
0.000126434 17.9516 0.300656 0.0228374 0.702033 -0.00954383 -2.5357 -2.92168 -2.08049 -0.0132038 -1.44847 -7.36357 -1.57892 
0.000182996 17.2121 0.309107 0.0229918 0.696147 -0.0578627 -1.4361 -2.93886 -2.20673 -0.000317364 -1.02311 -7.31772 -2.23139 
0.000440452 15.4554 0.308082 0.0226833 0.688669 -0.122567 -1.26047 -2.64012 -2.20479 -0.00267639 -0.918082 -7.26699 -1.03972 
0.000386677 15.7158 0.305917 0.0228593 0.684135 -0.213658 -1.21723 -2.26392 -2.23507 -0.00700737 -0.821151 -7.2931 -1.6647 
0.000210366 16.9333 0.304269 0.0228889 0.666682 -0.807162 -2.09608 -1.51595 -2.54578 -0.0503985 -0.457703 -7.67623 -1.78402 
0.00029563 16.2528 0.297107 0.0229703 0.672851 -0.371636 -1.51711 -1.45403 -2.38688 -0.0123179 -0.731857 -7.64519 -2.13379 
0.000285063 16.3256 0.292258 0.0229188 0.668685 -0.374986 -1.65456 -1.19465 -2.50486 -0.00997891 -0.755296 -7.92235 -1.90892 
0.000227654 16.7754 0.28831 0.0229526 0.666073 -0.369467 -1.76126 -1.01672 -2.61864 -0.00784771 -0.781094 -8.16527 -2.05507 
0.000604567 16.2083 0.289511 0.0229417 0.670977 -0.249878 -1.54612 -1.16886 -2.43931 -0.00311824 -0.877164 -7.91641 -2.00743 
0.000314748 17.5138 0.280985 0.0231637 0.67165 -0.121083 -1.61492 -0.914051 -2.51181 -0.000242274 -1.0823 -8.17829 -3.09107 
0.000175669 17.2938 0.276472 0.0228859 0.661794 -0.208285 -1.82415 -0.716032 -2.88647 -8.05094e-05 -0.997567 -8.88942 -1.77181 
0.000392453 15.6862 0.283349 0.0227322 0.668139 -0.16326 -1.59545 -0.964818 -2.50455 -7.83296e-05 -1.0092 -8.2503 -1.19854 
0.000205765 16.9776 0.272802 0.0229385 0.673497 -0.00587781 -1.89881 -0.781939 -2.42713 -0.0157457 -1.43504 -8.41946 -1.99355 
0.000468923 16.7164 0.264763 0.0222343 0.674293 -0.0712832 -2.88789 -0.695573 -2.24309 -0.0669282 -1.89607 -8.74705 -0.108551 
0.000247675 16.6068 0.281239 0.0216373 0.683636 -0.0726198 -3.09383 -1.65711 -1.86749 -0.0479369 -1.78252 -7.73917 -0.346106 
0.000733618 17.6539 0.277127 0.0212141 0.650606 -0.177652 -1.75884 -0.745066 -2.78821 -8.16666e-07 -1.02946 -9.6201 -1.5346 
5.46463e-05 19.6293 0.278608 0.0210211 0.642941 -0.386888 -2.12055 -0.712141 -3.07378 -0.00476353 -0.822168 -10.1514 -2.3576 
0.000105022 20.5199 0.287055 0.0209596 0.640032 -0.757558 -2.7016 -0.824547 -3.07707 -0.0296941 -0.558846 -9.91368 -2.65692 
7.22009e-05 20.4584 0.275455 0.021279 0.637332 -0.5866 -2.77082 -0.686482 -3.54449 -0.0117883 -0.707326 -10.8534 -1.29754 
0.000587036 16.2671 0.270832 0.0216287 0.659086 -0.0204256 -1.83728 -0.687663 -2.6208 -0.0117809 -1.37303 -9.35432 -0.361849 
0.000216149 16.8791 0.274177 0.021284 0.659571 -0.0170056 -1.811 -0.800026 -2.45142 -0.0108842 -1.36459 -9.1443 -1.27987 
0.000298598 16.2328 0.274813 0.0214513 0.660384 -0.0251944 -1.77308 -0.805796 -2.46828 -0.00872368 -1.3284 -9.05924 -0.7641 
0.000189102 17.1464 0.27386 0.0218049 0.68393 -0.159466 -3.67713 -1.33407 -1.83973 -0.0783338 -1.99059 -7.95781 -0.109322 
0.00117769 15.6856 0.275047 0.0216351 0.66818 -9.60626e-06 -2.04716 -0.927402 -2.23755 -0.0213803 -1.51155 -8.59046 -0.350105 
0.00139386 14.5376 0.304454 0.021713 0.678975 -0.109226 -1.30867 -2.39074 -2.17781 -0.00132535 -0.95847 -7.36865 -0.22276 
0.000619916 14.7719 0.304742 0.0222906 0.687685 -0.0537457 -1.46047 -2.59804 -2.14591 -1.88949e-05 -1.0584 -7.28226 -0.173018 
0.00046897 16.7162 0.292954 0.0219927 0.694795 -0.056895 -3.12876 -2.53981 -1.94156 -0.0324745 -1.66517 -7.34981 -0.0017591 
5.12603e-05 19.7572 0.286233 0.0218311 0.701549 -0.329783 -5.22863 -2.65704 -1.84161 -0.0946024 -2.11502 -7.40622 -0.0842809 
2.50961e-05 21.1856 0.285561 0.0218868 0.70612 -0.473763 -6.16957 -2.84543 -1.84773 -0.120347 -2.25785 -7.42902 -0.0418973 
5.03208e-05 19.7942 0.305807 0.022083 0.709522 -0.114561 -4.06269 -3.96502 -2.34831 -0.0332915 -1.69677 -7.56415 -0.0093877 
0.000193629 17.0991 0.312978 0.0217371 0.697383 -0.000504494 -2.15822 -3.77038 -2.38446 -0.00205804 -1.23318 -7.36129 -0.189051 
0.000232847 16.7303 0.321046 0.0215985 0.693074 -0.0606182 -1.43891 -3.97282 -2.52541 -0.0023451 -0.948074 -7.36234 -0.419741 
0.000231136 16.745 0.323987 0.0211858 0.672055 -0.571736 -1.12359 -3.11865 -2.46826 -0.0508132 -0.478956 -7.28884 -1.64416 
0.000619734 17.545 0.340406 0.0213716 0.682145 -0.653634 -0.878288 -4.33167 -2.82013 -0.0797421 -0.373739 -7.4143 -0.993517 
0.000263512 16.4828 0.337151 0.021812 0.687271 -0.512817 -0.8479 -4.26829 -2.77064 -0.0594042 -0.453036 -7.4685 -0.102231 
0.000313015 16.1385 0.334631 0.021925 0.687284 -0.487129 -0.873233 -4.10105 -2.69715 -0.0536522 -0.477358 -7.42764 -0.0213048 
0.00016153 17.4616 0.323818 0.0219663 0.701223 -0.0275804 -1.70755 -4.41421 -2.68012 -0.000803351 -1.01387 -7.6107 -0.0068047 
