5.735563825476992e-31 -75.43956987332592 0.47320928 0.02021235 0.85821787
3.491430714852564e-23 -57.5053132744496 0.47885605 0.0210651 0.82641886
1.690760130924397e-22 -56.14664045752441 0.39133029 0.02260372 0.88478704
7.055535964083581e-22 -54.68850974613352 0.14161907 0.0237946 0.54806725
2.3158843477858985e-21 -53.56146029028293 0.1545811 0.02061826 0.53072261
4.643254693530351e-21 -53.042019369778274 0.42243232 0.02220016 0.85718657
4.596746711822346e-20 -50.33753058927447 0.47756973 0.02321298 0.80590178
2.812794816657018e-19 -48.61587544767414 0.10375794 0.0221708 0.58274458
6.553232960560371e-19 -48.042777007624416 0.42006954 0.021331 0.84275706
8.352321558346015e-19 -48.02984378503052 0.12864046 0.02314949 0.5695907
1.037449096773298e-18 -47.629097219531275 0.43674296 0.02104909 0.82752422
1.843573659658327e-18 -46.937458306177426 0.33988616 0.02090307 0.89075499
3.4666842650699028e-18 -46.322130705440145 0.32783928 0.02091814 0.89801916
4.5859891660928425e-18 -46.26554328316107 0.35948495 0.0220518 0.88314861
4.955650429130077e-18 -46.149735402108476 0.47767842 0.02327071 0.7933314
7.756097155018688e-18 -45.46228220341254 0.15011963 0.02369895 0.57470089
1.204632866577485e-15 -40.00376512567622 0.14503787 0.02152263 0.57692
6.245429423058658e-15 -38.55481060788014 0.23928752 0.02182404 0.51199761
2.6074652951579214e-14 -37.118083161130755 0.23646647 0.02270041 0.52260859
7.42149002965918e-14 -36.178841661922775 0.40464091 0.02283207 0.81585294
1.4927792584662474e-13 -35.57686649235838 0.10598851 0.02235789 0.64584421
3.6928213143997127e-13 -34.523585577773034 0.15419692 0.02270684 0.59546503
1.4976487152461221e-12 -33.01400853904841 0.34892218 0.02034142 0.82295936
3.124658542003911e-12 -32.561057511783844 0.28277026 0.02083197 0.88108174
4.098626444306847e-12 -32.40655715504432 0.43844354 0.02222694 0.78598482
6.31838309919204e-12 -31.769394593521145 0.2167151 0.02398109 0.89372845
9.858192999041736e-12 -31.4264199980224 0.46717603 0.02369812 0.73964162
1.2694189410857093e-11 -31.224701492050286 0.24580741 0.0238891 0.57378251
1.6620724470481366e-11 -30.88591054894075 0.20765327 0.02035762 0.59357072
2.11899907881651e-11 -30.699188706839756 0.44966939 0.02048448 0.75186736
3.1401255447302146e-11 -30.14617073409974 0.23590543 0.02020618 0.88078048
4.5427805247612495e-11 -29.882555839072552 0.16751068 0.02187617 0.60012164
5.353152806081493e-11 -29.783124717697433 0.35967942 0.0236561 0.516328
7.871536089930883e-11 -29.178950906586557 0.24139255 0.02101998 0.55791419
1.0599840559155584e-10 -29.080569912043615 0.21176528 0.02009838 0.61307129
1.4628791652329555e-10 -28.575446733197612 0.10599674 0.02122221 0.70409671
2.653893026760219e-10 -27.913808084940023 0.24681485 0.0230269 0.88959384
4.012800721476931e-10 -27.63982866566146 0.47484538 0.022002 0.74648952
5.863995830096311e-10 -27.170975681748686 0.15165102 0.02011941 0.88368137
7.15422816849154e-10 -27.167726402498463 0.45028566 0.02011722 0.72108851
8.148140797908606e-10 -26.907749516285357 0.29510588 0.02004307 0.57413315
1.0218621987678577e-09 -26.68996622333168 0.35923835 0.02236124 0.81614441
1.200778788003795e-09 -26.557697983390078 0.21592095 0.02190767 0.57628013
1.284721841767096e-09 -26.530733010126614 0.13947354 0.02062991 0.68463186
1.3549967436769805e-09 -26.433466183314916 0.27351567 0.0223547 0.54249675
1.4826561641290575e-09 -26.331018537536515 0.13547648 0.02345048 0.69564235
4.2302473400338665e-09 -24.83077751685405 0.13982254 0.02337616 0.69735263
7.3274641025637064e-09 -24.69996918598625 0.22384354 0.02135769 0.89487601
8.080013920129638e-09 -24.6129657960533 0.1289381 0.02370198 0.75608089
8.65124865589984e-09 -24.54278757934396 0.10027624 0.02309494 0.84824486
2.3095719086487057e-08 -23.105340203555627 0.31319578 0.02212213 0.83312212
3.971312223802607e-08 -22.96625698928681 0.22754482 0.02286054 0.87984067
4.854584027219362e-08 -22.697021216148958 0.12709268 0.02342642 0.85228885
5.6423684352650714e-08 -22.62869473574184 0.11962555 0.02075051 0.77365616
6.134258695336761e-08 -22.512175279742767 0.41668634 0.02120875 0.75411453
6.671537472456567e-08 -22.43882438320755 0.42213166 0.02097412 0.51234915
6.915329903456311e-08 -22.419245000732104 0.34378271 0.02262723 0.53134797
7.693116398395103e-08 -22.215969786607562 0.1058637 0.02126719 0.85013138
9.765545955952856e-08 -21.932048354573126 0.17468135 0.02309581 0.88869679
1.1900128579062357e-07 -21.785938429393013 0.23484719 0.02227548 0.87741427
1.298773622841982e-07 -21.732613527660725 0.11507288 0.02308132 0.83652603
1.5239686780339374e-07 -21.463573395474725 0.25671543 0.02394097 0.63260032
1.7301730494115394e-07 -21.44099195396422 0.46825364 0.02245831 0.72205817
1.8035566280352062e-07 -21.36202540467192 0.48052922 0.02316776 0.7005749
1.8708867895998798e-07 -21.346290826429666 0.30944403 0.0227462 0.55358539
1.8721261659253783e-07 -21.34074606621859 0.43496802 0.02385866 0.6976239
1.9522142148914902e-07 -21.24489934632315 0.46852431 0.02120794 0.50035762
2.0516768924882388e-07 -21.219326656991385 0.28212333 0.02216492 0.56182346
2.0695669124402125e-07 -21.207506309939816 0.43402265 0.02043664 0.53473507
2.0908005135031545e-07 -21.17917640626097 0.22374023 0.02012479 0.66126947
2.166674214966773e-07 -21.117076244526068 0.39146394 0.02354413 0.74146931
2.505658106457972e-07 -20.881444310282923 0.3168985 0.02384407 0.77211114
2.8652939216329004e-07 -20.81615347200857 0.27095405 0.02393921 0.62813712
3.542735975952496e-07 -20.466441459085107 0.39850218 0.02135571 0.75825321
4.48963708383411e-07 -20.299081755434855 0.28091051 0.02166744 0.56862153
5.147324668344285e-07 -20.17028074408775 0.26927131 0.0219805 0.84788435
5.50961383376895e-07 -20.13924248939323 0.11030381 0.02246178 0.81271713
5.791541169349967e-07 -20.052223914160436 0.48411058 0.0239895 0.64050809
6.230388029140865e-07 -19.97294007514786 0.15262925 0.02363809 0.78438837
6.44807059705072e-07 -19.962096897597966 0.21032266 0.02388378 0.81067057
6.435699919310927e-07 -19.95685758478352 0.32281984 0.02360774 0.58384532
6.563391694360204e-07 -19.903604476487356 0.17172923 0.02384889 0.76835166
6.953256495100108e-07 -19.822487350939934 0.11476993 0.02243764 0.84756209
7.26999182686021e-07 -19.793183821039506 0.22488096 0.02083588 0.62795074
7.381358166298648e-07 -19.772078404804425 0.21483438 0.02362144 0.83172019
7.402000176760731e-07 -19.76759162895653 0.39896106 0.02354641 0.55211398
7.75404617371626e-07 -19.662028251944054 0.31736088 0.0223472 0.81203981
8.254850015564748e-07 -19.62017207759802 0.20901382 0.02335364 0.8489253
8.97113245352772e-07 -19.480164175554798 0.29459765 0.02176035 0.82671671
9.743229007191365e-07 -19.430861163573653 0.32934149 0.02388957 0.60350917
1.0431575577444826e-06 -19.325880382027005 0.18427274 0.02295979 0.66213026
1.1440538579216887e-06 -19.226045742225633 0.30224261 0.02282901 0.81244426
1.2269841455818818e-06 -19.16447408534769 0.19258651 0.02191032 0.63858792
1.4692621157189596e-06 -18.866857925395568 0.14260711 0.02305676 0.74365244
1.7477231719765603e-06 -18.777403513692313 0.19148352 0.02071439 0.84708208
1.85585475176797e-06 -18.72556615748229 0.46648603 0.02386622 0.65054179
1.9825041870609577e-06 -18.627217463819917 0.21673413 0.02388758 0.78947621
2.5536193291125674e-06 -18.23513501486541 0.34193996 0.0231659 0.77081233
3.4984491839142154e-06 -17.95857314076347 0.32217841 0.02375709 0.61023568
3.986368473944186e-06 -17.93518831630993 0.30611587 0.02383806 0.75238404
4.045015385532663e-06 -17.909491458166773 0.3691477 0.02383166 0.712515
4.254922020283415e-06 -17.81611921724093 0.23233481 0.02006388 0.71542261
4.572077825266077e-06 -17.744897204391258 0.3866177 0.02340567 0.56379139
4.735897791428728e-06 -17.72464610824818 0.48668993 0.02176491 0.69303496
5.1143862522881075e-06 -17.5765965182637 0.45066574 0.02330055 0.54135221
5.6386317532276935e-06 -17.50537071092891 0.17202779 0.02051027 0.75754118
6.815905314157716e-06 -17.19949265479619 0.37699875 0.02264049 0.54665113
7.934875759123869e-06 -17.158571334682783 0.37316741 0.02108087 0.74992592
8.109761620946189e-06 -17.13570257005642 0.27451784 0.02029725 0.64618943
8.198073578586137e-06 -17.116966246381445 0.24379479 0.02115668 0.83285235
8.47564680818827e-06 -17.050231767941614 0.48998102 0.02030519 0.62245273
9.063837226165534e-06 -16.963635376089243 0.15131669 0.02103913 0.82761378
9.677554641284285e-06 -16.898484558795936 0.27152076 0.02016065 0.75084059
1.0208729468005131e-05 -16.83675825802651 0.2591901 0.02031539 0.66008865
1.0705534877141822e-05 -16.78331019997553 0.46744346 0.02378572 0.62688142
1.1168536480765169e-05 -16.732119173909457 0.15930569 0.02096947 0.74041105
1.1545625056262917e-05 -16.69665685697042 0.40950532 0.02028537 0.67754077
1.2053598453945907e-05 -16.627003468158044 0.42494134 0.02135824 0.53535488
1.3779637885510871e-05 -16.41871275699571 0.22968182 0.02203391 0.84781548
1.5195529482782202e-05 -16.400738301603788 0.29431189 0.02058061 0.77323059
1.553062071436398e-05 -16.355615629867753 0.28124018 0.0223441 0.8162392
1.682718339480323e-05 -16.224274153051738 0.46387194 0.02340448 0.55574719
1.8453331473385088e-05 -16.148347710899376 0.44348569 0.02023802 0.62222819
2.2812440275916583e-05 -15.807684148427768 0.23374589 0.02294832 0.82509617
2.655594801288887e-05 -15.795713692015575 0.35821074 0.02016291 0.67751193
2.692065541846782e-05 -15.760772670867109 0.22950634 0.0205309 0.68144146
2.8705988088093537e-05 -15.650142252733577 0.17854606 0.02330515 0.74680776
3.1366732459899256e-05 -15.562451381900258 0.31396892 0.02371158 0.63846216
3.363661796409004e-05 -15.489900525772141 0.29003787 0.02017066 0.69120018
3.535657625270227e-05 -15.442068788776702 0.14838204 0.02143451 0.76441269
3.678436185717581e-05 -15.390905503537981 0.38052459 0.02089587 0.72591527
3.7780244060210654e-05 -15.368215451323216 0.48350135 0.0209839 0.54117156
3.9663904019680223e-05 -15.27570447586432 0.41233409 0.02030411 0.61713515
4.1505862091796316e-05 -15.255491883421966 0.15950986 0.02111974 0.76174192
4.20543162866617e-05 -15.229614374967616 0.4673034 0.02295223 0.67530447
4.5730853015985495e-05 -15.073860208391228 0.31812459 0.02284721 0.59005429
4.970277804405465e-05 -15.037411822489592 0.32189258 0.02313931 0.5990988
5.230489974807e-05 -14.953335674633985 0.17775121 0.02113304 0.82445848
5.424423039751751e-05 -14.942958238987362 0.45077691 0.02239069 0.69669046
5.479032715473505e-05 -14.913589647146171 0.31195195 0.02065378 0.61876328
5.707404311519454e-05 -14.84243588352066 0.47726189 0.02333312 0.56439385
6.504377462182437e-05 -14.641116684047763 0.27364856 0.02093946 0.78842649
7.269526666473745e-05 -14.590625648555974 0.16043354 0.02214126 0.83687594
7.815402296944501e-05 -14.478887943259501 0.23537974 0.02318919 0.66574843
8.170593878409654e-05 -14.47871497550206 0.45940055 0.0226769 0.68266183
8.395955890390707e-05 -14.4058955447848 0.4965401 0.02139077 0.53319011
9.840365562544053e-05 -14.155622023929414 0.32888169 0.02039401 0.70587788
0.00011261713690729917 -14.101282589857991 0.25691643 0.02039516 0.71794592
0.00011665149238302325 -14.06492001027178 0.46555871 0.02346988 0.61511002
0.00011790213675726561 -14.059729843946874 0.21118361 0.02140988 0.66931005
0.0001266983941445204 -13.906934579639186 0.34119906 0.02228892 0.76177882
0.00013576186959570385 -13.895843049449903 0.26954294 0.02098835 0.78579681
0.0001359998533138762 -13.883538184764337 0.32775574 0.02069772 0.73499899
0.00013588785820626106 -13.87756113399783 0.2210784 0.02262274 0.66059301
0.00014318623874006066 -13.762314827373986 0.43258389 0.02109549 0.68563699
0.00015215383195974787 -13.733063956724838 0.23246255 0.02055252 0.74697946
0.00015375726374746403 -13.721268874676468 0.4609083 0.02343638 0.60817179
0.00015336239438933606 -13.71827363304478 0.34021538 0.02056566 0.71345761
0.00015334499467274497 -13.70166187959006 0.49158578 0.02325278 0.6211729
0.000156344908524276 -13.659989561392216 0.36045798 0.02042107 0.64425389
0.00015866019320737108 -13.651942797630955 0.17251002 0.02229707 0.72179805
0.00016645021656495768 -13.546963606578995 0.34583558 0.02313219 0.60138287
0.00018255703200186326 -13.447050153228023 0.2125524 0.02122354 0.68187965
0.0002035667184895658 -13.311308845547233 0.33124294 0.02134488 0.75671515
0.0002160147845118017 -13.30385439818095 0.26138287 0.02257362 0.80128072
0.00022129529063973725 -13.243987927989888 0.31156283 0.0235732 0.70598127
0.00023449372306509256 -13.16861605770221 0.1655684 0.02157723 0.79852522
0.0002448009229970513 -13.136886058618911 0.22322248 0.02330664 0.71699486
0.0002480767852203289 -13.121933611693303 0.33157205 0.02280974 0.59817403
0.0002519510245843489 -13.086254917602858 0.17689144 0.02250111 0.8134878
0.0002897066380614858 -12.837835121993779 0.37222718 0.02255407 0.57708197
0.00033318079715269187 -12.772402900867982 0.31220377 0.02099046 0.75031017
0.00036429847555199805 -12.642503334295508 0.27817993 0.02157042 0.62287533
0.00039472128690732337 -12.588600238085549 0.24273167 0.02261832 0.65345152
0.00040553505639490437 -12.567928386016805 0.26889996 0.0217855 0.7960238
0.0004095572915822567 -12.548943893096753 0.32455892 0.02072411 0.72119699
0.00041095650082019014 -12.54113173676121 0.18314723 0.02273687 0.74693813
0.0004096423596658677 -12.535441839591064 0.3415178 0.02144913 0.74615453
0.0004240350116919889 -12.453824773605337 0.3869014 0.0217779 0.72097667
0.00043710755850728556 -12.453149882308454 0.21323497 0.02092905 0.7240388
0.0004413068017552986 -12.415162663469225 0.19448421 0.02269114 0.80137083
0.00045513772793897385 -12.371642464145266 0.18624001 0.02178271 0.81408742
0.00047492236516291143 -12.310616869552424 0.43091061 0.02221406 0.69106364
0.0004910246717337819 -12.28429803030471 0.42148686 0.02088128 0.6628825
0.0005105483520341996 -12.213803217589176 0.38219089 0.02077341 0.61530605
0.0005291127813758972 -12.191843286785137 0.31216569 0.02297361 0.74787555
0.0005368807905090491 -12.164815672453027 0.24951797 0.02321841 0.68969434
0.0005410870074307903 -12.1561706622504 0.19483286 0.02267671 0.72178238
0.0005495399095445696 -12.114331313451462 0.24011519 0.02074928 0.72763526
0.0005597633244081413 -12.099025646239227 0.2487902 0.02229271 0.80125026
0.0005644774111108856 -12.077713025983407 0.22650636 0.02101956 0.69900895
0.0005652449059998949 -12.076294468545772 0.35487933 0.02111064 0.60288792
0.000565371255205718 -12.057453594438348 0.4179953 0.02120429 0.57874128
0.0005711998598688242 -12.03590799156407 0.40182607 0.02297984 0.59033811
0.0005885459186408213 -11.978431097336339 0.26417436 0.02205668 0.79431619
0.0006264211508749446 -11.892299706993937 0.33796588 0.02305207 0.61873886
0.000656569253622831 -11.862882159852074 0.27043434 0.02326646 0.73984778
0.0006831959897256474 -11.793866082936178 0.26828309 0.02233715 0.78817746
0.0007162875741627275 -11.747723265181886 0.35155926 0.02320309 0.62674412
0.0007323350757135435 -11.72920602592231 0.49176941 0.02244762 0.64032791
0.0007327158525326646 -11.726698826621977 0.29306182 0.0216179 0.77245979
0.0007293536716375547 -11.718518952372971 0.32126065 0.0221215 0.75847872
0.0007272416501071956 -11.712590114731622 0.3730667 0.02124235 0.59435169
0.0007237803619292272 -11.70815609201306 0.32399762 0.0213393 0.74663963
0.0007306789598011957 -11.674003710128193 0.2046312 0.0217991 0.6976208
0.0007401985943758298 -11.66211053553663 0.40751674 0.02306811 0.67108007
0.0007414189541896889 -11.650804970865074 0.46231481 0.02097485 0.61934731
0.0007426978875271394 -11.638767157941906 0.24142893 0.02312486 0.70063373
0.0007441917214907167 -11.626884697240264 0.4060959 0.0230566 0.600301
0.0007452145108372392 -11.616113365219592 0.39287213 0.02079071 0.65990445
0.0007481182698060363 -11.599248199396841 0.45247078 0.02102211 0.59275552
0.0007737477989280371 -11.529971377321376 0.30988775 0.02218325 0.76352266
0.0008273056877615272 -11.446051513609808 0.41007623 0.02130145 0.68526799
0.0008685724063087469 -11.411259815775736 0.29280747 0.0232411 0.66914099
0.0008826755565853334 -11.393711737560896 0.4942063 0.02265307 0.56836112
0.000896363644206824 -11.360776376441684 0.42530654 0.02244293 0.6826121
0.0009117763409558842 -11.339555411295981 0.38536855 0.02324875 0.63778752
0.0009280232854146996 -11.305725035062899 0.41674511 0.02140789 0.5797893
0.0009463678772192371 -11.280380135333573 0.41332124 0.02297291 0.59812823
0.0009619609724286909 -11.253163940016488 0.35427759 0.02200079 0.73330216
0.0009724238807288786 -11.238710682641363 0.41675355 0.02284558 0.67282426
0.001005023852933678 -11.168493893268767 0.40628274 0.02290842 0.6757965
0.0010495889577788176 -11.131151580024296 0.20143749 0.02226685 0.71253094
0.0010689677507104134 -11.11174906241755 0.35537592 0.02102551 0.61985127
0.001082295145554503 -11.086534826320674 0.37582072 0.02120991 0.60212117
0.001099977150401553 -11.059461725650346 0.20747677 0.02125318 0.74038608
0.0011094130312866864 -11.049392941828192 0.2575248 0.02094164 0.69211405
0.0011209006693753238 -11.01916128569833 0.35997083 0.02217619 0.59235029
0.001138490411602834 -10.998232000691345 0.22812962 0.02133939 0.69313377
0.0011875771376426475 -10.91640068482006 0.32462727 0.02077518 0.67738739
0.0012406753813593125 -10.889359158482204 0.23917871 0.02283037 0.69005464
0.0012758207790742157 -10.84103335455803 0.40497706 0.02292715 0.67007626
0.0013020656284362753 -10.828191478720443 0.22527241 0.02172803 0.68477962
0.0013075617239398005 -10.812726902249304 0.25435804 0.02117402 0.67743115
0.0013138624655782175 -10.798666209432545 0.48183702 0.02141334 0.57843686
0.0013112652263574766 -10.796735253967015 0.43646595 0.02270315 0.58527378
0.0013477382417083994 -10.725173960824149 0.4182766 0.0228747 0.59978244
0.0013829030226486397 -10.724040695161117 0.19201903 0.02212382 0.78030535
0.0013938443578227597 -10.68980454149622 0.45141871 0.02255081 0.57815506
0.0014373259631016138 -10.642958091324932 0.37204063 0.02087681 0.65449694
0.0014848620681933561 -10.604647255366578 0.4734992 0.02266037 0.62682297
0.0015058167897417886 -10.594688150159428 0.28701675 0.02306171 0.67013596
0.0015073521573296528 -10.582719400412707 0.28859394 0.02317463 0.7078587
0.0015055158872211343 -10.577197203011762 0.40005537 0.02297976 0.61496274
0.001497260809201189 -10.573810602644494 0.43197508 0.02172622 0.57687771
0.0015050429094731715 -10.54710378710878 0.21109763 0.02192294 0.70564577
0.0015408791865744425 -10.507068816058391 0.36612202 0.02278156 0.70209203
0.001578421724485776 -10.478856853843487 0.44069039 0.02116376 0.63385091
0.0015848961975984453 -10.47878223270642 0.19747853 0.02217292 0.77900143
0.0015898740958311436 -10.452852447724636 0.44536934 0.0228884 0.61797835
0.0016161195732468739 -10.426145551306723 0.35619624 0.02306025 0.63712326
0.0016339823486420403 -10.410847497525296 0.2004327 0.02191529 0.72948402
0.00170399896885186 -10.324149664038888 0.30836226 0.02201383 0.62258987
0.0017622282320505197 -10.321867146012448 0.29106841 0.02095132 0.6786003
0.001752956609056833 -10.314810540740478 0.42665474 0.02218668 0.57949674
0.001765697286263635 -10.287654744729194 0.42917413 0.02258108 0.66226499
0.001799957817535187 -10.256532554262131 0.27228404 0.0212759 0.75431972
0.0018273647464379303 -10.237380306217768 0.23765733 0.02286385 0.74793269
0.0018587990286978797 -10.20272896379199 0.22086185 0.02205474 0.78642521
0.0018977375680816397 -10.175895824911171 0.25638242 0.02202214 0.77836776
0.0019186238444870297 -10.160813653843093 0.38152076 0.02175817 0.70238933
0.0019161842848425328 -10.158484301040954 0.39149704 0.02234252 0.5925858
0.001905901478852337 -10.151684680552538 0.21874485 0.02242421 0.77694343
0.0019280753221174005 -10.11576040367374 0.21172569 0.0215225 0.76302709
0.0019631936049175425 -10.095463834534963 0.41906329 0.02180257 0.5845177
0.002048284014521052 -10.012612666399605 0.44383438 0.021492 0.64721315
0.002135084857129302 -9.990956796116102 0.32848459 0.02265748 0.72543324
0.002154306145171272 -9.974735929822318 0.23944188 0.02282645 0.74360934
0.002181055712930876 -9.94650887257582 0.3650221 0.02288455 0.62717047
0.002193533267121467 -9.943229619070046 0.22027415 0.02249266 0.76803318
0.002217984280548818 -9.904804239345538 0.27574561 0.02234441 0.76315625
0.0022471759213685684 -9.896824810163096 0.43416883 0.02180655 0.6622153
0.0022968016144586283 -9.841953732366852 0.28459273 0.0212231 0.73835677
0.002338897929653227 -9.83984805163692 0.44996467 0.02165836 0.58659656
0.0023307144203510567 -9.829090909949416 0.38568296 0.0219397 0.69734256
0.002320939900881422 -9.828323819014214 0.36657691 0.02116104 0.68346156
0.0023188710173391498 -9.81104830415695 0.48074496 0.02240957 0.6115357
0.0023217709180994037 -9.805855719146315 0.29666296 0.02170564 0.75128687
0.0023092582907407624 -9.801952379824334 0.41926132 0.02196039 0.58698663
0.002347573944453507 -9.753623034758396 0.24927114 0.02275078 0.74991366
0.002444850508875769 -9.700958065849132 0.36524931 0.02131326 0.6931499
0.0025245510788621988 -9.669123843410619 0.37131808 0.02128168 0.68615966
0.002549310670775525 -9.66129988182778 0.28234574 0.02112977 0.72548507
0.0025736422571566767 -9.630447596900698 0.40940604 0.02278157 0.65067723
0.0025972538488686662 -9.622910349005046 0.22768325 0.02238509 0.70656713
0.0026056686394573115 -9.604151420131942 0.36231711 0.02293482 0.67306055
0.002606432625059944 -9.60233622119179 0.32210721 0.0215965 0.73137743
0.002598656194457347 -9.590262404620825 0.47563475 0.02238557 0.60623761
0.00262198976825846 -9.564684626790298 0.22578795 0.02145558 0.7449254
0.002720876509019075 -9.497292228152524 0.23991591 0.02205043 0.77283392
0.0027980829542929523 -9.4877107985926 0.27820251 0.02112919 0.69264672
0.0028226314584341907 -9.460089212291875 0.29655041 0.02159845 0.74420828
0.0028360587354501698 -9.458128909660779 0.27652372 0.02239718 0.75526944
0.0028513597358610344 -9.429629316352926 0.39524717 0.0228037 0.65466236
0.0028758435839408964 -9.420943915300766 0.42633191 0.02230858 0.59453799
0.0028598214572806615 -9.420883509274795 0.27310097 0.02282275 0.73088566
0.0028321526387027583 -9.420487538146057 0.35394059 0.02117187 0.64201705
0.002863879132473385 -9.379130433166493 0.25073561 0.02128645 0.71010628
0.0029522393566591147 -9.339772657077312 0.35385403 0.02121037 0.63995956
0.003017039152545849 -9.31556513314861 0.29715037 0.02169622 0.64451694
0.0030236883196053253 -9.315322619220504 0.47735608 0.02203227 0.60674369
0.003002302228780794 -9.309867855617716 0.38763576 0.02245154 0.60815435
0.0029925801549400537 -9.30191724310154 0.28550253 0.02123082 0.67668899
0.002980115905350873 -9.298302156491829 0.22654888 0.02228979 0.76253926
0.002969349834265462 -9.289272052500696 0.30674312 0.02165394 0.73762067
0.002967121403882459 -9.279904565129591 0.4229423 0.02255737 0.64799845
0.002951979139417593 -9.279582316202218 0.45617426 0.02230502 0.62855707
0.0029255320161933195 -9.278003480837686 0.42677057 0.02170838 0.59782707
0.002930155470982732 -9.256636895155712 0.2199444 0.02171623 0.73762454
0.002940449001218305 -9.250983064391187 0.24903824 0.02247512 0.69048839
0.002929478731732203 -9.244215275229536 0.44043399 0.02223259 0.5951262
0.0029237740807790784 -9.234990674793803 0.34799193 0.02218876 0.71474021
0.0029085152038277468 -9.234758480592811 0.39369545 0.02168019 0.67978607
0.0029000517716976618 -9.22096580389457 0.28521319 0.02143906 0.66322307
0.002895234915051183 -9.218136933036432 0.29980131 0.02244803 0.64703517
0.0028993083061196047 -9.198349147906947 0.3074972 0.02235449 0.64016706
0.002904349620364717 -9.194667195026346 0.41082628 0.02207774 0.59772923
0.0029139375185469395 -9.17198218007917 0.25039714 0.02271962 0.72413586
0.0029325761890086365 -9.161911206845229 0.36668474 0.02272472 0.68103114
0.002951991743650407 -9.138989851109825 0.33517676 0.02113342 0.67170209
0.002969135147302922 -9.130316797589275 0.33751685 0.02158801 0.62846253
0.0029625539210855717 -9.123519946688466 0.36316602 0.02126551 0.63794695
0.0029896425486328035 -9.092441792218413 0.40080352 0.02216575 0.67577733
0.0030132928468426844 -9.08762439647818 0.39872757 0.02154844 0.66852087
0.002994450349648592 -9.085082459639034 0.43750125 0.0216782 0.63970416
0.0029907637647381613 -9.070240981425037 0.33335561 0.02243925 0.71686609
0.0029932102369694376 -9.063502732450834 0.44940673 0.02237246 0.6213249
0.0029932126763349857 -9.050370452691503 0.25587886 0.02215382 0.76082286
0.0029964803200482793 -9.041396909933548 0.26069754 0.02270869 0.73081066
0.0029854213966037753 -9.037847739039163 0.23153679 0.02172911 0.71448524
0.002997182291179604 -9.013774569423976 0.26760185 0.02222256 0.66867515
0.0030296018883725013 -8.99636079066818 0.41273002 0.02163461 0.65862825
0.00303542093511344 -8.989970532397775 0.37529782 0.02132349 0.63383051
0.003026320705641511 -8.982469019068267 0.23434637 0.02170718 0.71235027
0.0030230670193660556 -8.972233409832143 0.43399552 0.02239556 0.60901129
0.003010037895107615 -8.971180876415513 0.22235571 0.02215143 0.7376676
0.0030196889766940646 -8.94608754621391 0.31740042 0.02244307 0.64094077
0.0030330231360310507 -8.942314322246492 0.40642231 0.02182606 0.66814829
0.0030120196272831073 -8.940082631315594 0.43499189 0.02244035 0.61580347
0.002988224421855931 -8.93827613950709 0.26413588 0.02139934 0.69262286
0.0029700821930077697 -8.932369366876728 0.3710975 0.02150534 0.62281609
0.002951039804776549 -8.931231164005219 0.41862942 0.02200415 0.60107205
0.0029338063253854583 -8.924194594265696 0.29837471 0.02185796 0.74060954
0.0029596644016242615 -8.893995675071189 0.28460335 0.02257943 0.73442569
0.002999502834355806 -8.877393516716866 0.38321143 0.0227063 0.65776761
0.003015363637141988 -8.863526421563334 0.26166065 0.02262926 0.69746654
0.0030328405748765107 -8.845963431824195 0.2969649 0.02126156 0.67905001
0.0030306830138545557 -8.844972196999224 0.36597237 0.02198842 0.61503893
0.0030025154897182988 -8.844737692896022 0.42908649 0.02179672 0.64574007
0.0030106879807845943 -8.819790737576396 0.2695657 0.02144468 0.73579405
0.003049198428270532 -8.799365487502326 0.36659473 0.02127835 0.65479109
0.003060926734905963 -8.792120942836963 0.38894102 0.02136731 0.6386913
0.0030506242084620792 -8.78620345206085 0.35129064 0.02194326 0.70690874
0.003055472686871789 -8.769108429792883 0.43391358 0.0220856 0.64185484
0.0030740318970593084 -8.754174059322635 0.41776234 0.02249095 0.63832866
0.0030840696377079386 -8.742665095027277 0.22834659 0.0220244 0.74610039
0.0030761235343267374 -8.739402593162922 0.37557724 0.02221773 0.61519479
0.0030539695441078067 -8.737218918959444 0.3102713 0.02122958 0.68630805
0.0030663213786845706 -8.7115921953892 0.28028442 0.02136516 0.72263728
0.003085358751654221 -8.704786968292488 0.2654751 0.02136556 0.713207
0.0031064909880766886 -8.67820490247559 0.39318705 0.02204496 0.67519116
0.0031170327476253874 -8.677934243869602 0.29536359 0.02268253 0.67437347
0.003090203167137617 -8.675594927025532 0.23625562 0.02188328 0.71346399
0.003065534305129355 -8.674062720497703 0.30809072 0.02130694 0.70501249
0.003084653768794423 -8.643492224805822 0.29059611 0.02237753 0.66080381
0.0031063303066661205 -8.639926321484056 0.25278151 0.02216986 0.69021351
0.0031203493904275446 -8.61474112180107 0.23451573 0.02182885 0.7237493
0.0031442149312703336 -8.604654017845087 0.36392944 0.02146498 0.6802329
0.0031593979193707167 -8.585274427434067 0.38082507 0.02146014 0.6643003
0.003159540266772329 -8.584569481282987 0.39707111 0.0225034 0.62657847
0.003147103646161924 -8.573293387626522 0.24832308 0.02226208 0.7480327
0.0031341013827497943 -8.572917187005679 0.25524938 0.0214979 0.71308052
0.0031376908279839282 -8.551221105118724 0.40781431 0.02184921 0.65896739
0.003145027113866859 -8.548230309628561 0.34985635 0.02262814 0.6852276
0.0031440342683388533 -8.532015411747315 0.26492109 0.02254886 0.69786152
0.003169603349033505 -8.512163086072844 0.4312814 0.02184409 0.62998631
0.0032038294219966647 -8.490651240317964 0.27179392 0.02189091 0.74537607
0.0032152262920938173 -8.485052667027183 0.26073955 0.02251587 0.70280106
0.0032034546533083654 -8.478090729570702 0.29086207 0.02259479 0.72000113
0.0031933431422932115 -8.471473697717222 0.29302283 0.0214057 0.67854033
0.0031741605761034615 -8.470229834605238 0.42735239 0.02218785 0.63464084
0.0031450730253466353 -8.46998486925507 0.26567814 0.02242158 0.73781236
0.003115369513792547 -8.469307952799515 0.36896569 0.02146245 0.63851139
0.0030887037585869124 -8.467277647371175 0.25144447 0.02241025 0.73571799
0.0030677431886190387 -8.46302943985151 0.31850545 0.02270295 0.66980717
0.003045657581348904 -8.461823519893942 0.28721339 0.0220776 0.73937092
0.003026895753924826 -8.455496904303006 0.26711448 0.02157419 0.73438629
0.003011538197064721 -8.452088982266607 0.43031604 0.02186628 0.62487855
0.0029905001913488596 -8.449615499977357 0.37734775 0.02183921 0.6198294
0.0029855485858772523 -8.435550547676598 0.33629356 0.02271633 0.66972834
0.0029911018679626335 -8.42597166878527 0.24884012 0.02197153 0.70000144
0.002988050286360802 -8.41768559336592 0.41999252 0.02223364 0.61949196
0.0029717709234703053 -8.41698006865242 0.30180881 0.02174176 0.72814705
0.0029527803168578884 -8.41061660832375 0.24884931 0.02224799 0.74287321
0.0029585732134274345 -8.393225053452179 0.31946071 0.02248959 0.65240878
0.0029647019672712294 -8.386512832836598 0.35235667 0.02160688 0.6916865
0.0029470217589292786 -8.38527635713235 0.40492058 0.02228757 0.65379633
0.0029302882632598853 -8.378013547165988 0.24415295 0.02223817 0.71520944
0.002938013168003048 -8.360176530789941 0.3193352 0.02257337 0.65865713
0.0029517452676540825 -8.348739941706794 0.25901889 0.02237906 0.69888769
0.002945900395533896 -8.344212503131793 0.34666528 0.02213815 0.63094092
0.002927034956166119 -8.34168486701621 0.34714389 0.02137662 0.67182509
0.00292619776257779 -8.324952361466554 0.37236449 0.02146739 0.66079666
0.0029216821450045835 -8.324802939276216 0.2510632 0.02232207 0.73552674
0.0029031997068781263 -8.317756211279141 0.29807038 0.02176013 0.65920275
0.002888374059812186 -8.315131068769846 0.41097126 0.0217599 0.64394078
0.0028676398282308827 -8.312264686350185 0.37077143 0.02234539 0.62834103
0.0028728906439198726 -8.291675561274404 0.27897565 0.02206075 0.73946134
0.002888639922161031 -8.281350579124245 0.33426375 0.02225244 0.63914886
0.0028759459226164034 -8.280556684906577 0.38770315 0.02160563 0.65836095
0.0028547896568280793 -8.276221401857699 0.41993446 0.02192021 0.63616448
0.0028419936807074775 -8.269646848486303 0.27306901 0.02188708 0.74004568
0.0028234427164999876 -8.269407636944251 0.40223896 0.0222903 0.65200432
0.0028394138051693516 -8.23870056935258 0.41432222 0.0220783 0.64356859
0.0028665704478828325 -8.23025164931184 0.31778772 0.02266349 0.68109726
0.00291814547571627 -8.183660781561017 0.25262692 0.02191473 0.70401888
0.002961428975633109 -8.180363856017495 0.33652143 0.02202183 0.63762604
0.0029385038905045797 -8.179300370848585 0.30510237 0.0225785 0.70500239
0.002913079715531891 -8.177842898620113 0.31158953 0.02241306 0.65831006
0.002892619908885048 -8.173500310031823 0.3862193 0.02223554 0.66675755
0.002875830226982621 -8.16958381146582 0.3310823 0.02254237 0.65651572
0.0028541477381265673 -8.168732243207044 0.29195399 0.02226046 0.72862535
0.0028468235627606303 -8.154869908490765 0.27932178 0.0216755 0.68103678
0.0028483756600859536 -8.147706260970597 0.36929104 0.0221373 0.62744098
0.0028326577178789027 -8.146024112937504 0.27435226 0.02152234 0.71207098
0.0028096752522428123 -8.144098790196182 0.28978121 0.02147872 0.688074
0.0028029901869462306 -8.130930151074802 0.33447226 0.02142199 0.67650317
0.002798208622924738 -8.127572267096165 0.30052134 0.02256341 0.70608237
0.002777228732355328 -8.126078954551117 0.37878346 0.02169665 0.66756021
0.0027813273374125017 -8.104834474530113 0.25840941 0.02207102 0.73801646
0.0027832068915053083 -8.104714371179622 0.40477335 0.02225159 0.63726635
0.0027584562200702587 -8.102800001970918 0.37562271 0.02242972 0.63961081
0.002737596998637874 -8.099996068537632 0.35580201 0.0224306 0.64213635
0.002734996412702706 -8.084855490602681 0.2545198 0.02224474 0.72896576
0.0027324450000072373 -8.081906894589885 0.37818643 0.02183498 0.67195341
0.002709409493567153 -8.081884856834641 0.3291256 0.02178825 0.64564143
0.0026835292553171143 -8.081202144475407 0.37025646 0.02219987 0.67861585
0.0026657673215757637 -8.075274608075857 0.25251736 0.02198419 0.73448789
0.0026576214973439358 -8.067428873446094 0.3013801 0.02181446 0.72277834
0.002648734156377793 -8.062065149526248 0.36528328 0.02176039 0.67987509
0.0026301083781830274 -8.061634656216725 0.40526858 0.0221405 0.64389797
0.0026140216894198253 -8.054447637174526 0.39819863 0.02228789 0.63826041
0.002631043972958712 -8.02890260842368 0.38467543 0.02200046 0.62682441
0.0026446771817022568 -8.024053134052354 0.29935394 0.02206662 0.72492582
0.002630679037409502 -8.01961500633763 0.35474901 0.02183176 0.68881629
0.002615066543284732 -8.016055631466866 0.31438262 0.02255948 0.67427718
0.0025972153360792837 -8.01341231906033 0.38611377 0.02232347 0.65598555
0.002585009677406232 -8.005589710956345 0.39215517 0.02231623 0.64403919
0.002569625073201179 -8.00543486364811 0.31740805 0.022576 0.6885575
0.0025481916384326965 -8.002443392785839 0.37508817 0.0224393 0.65174287
0.0025318490026997103 -7.998404202037788 0.38056164 0.02228297 0.6641727
0.0025122947546431847 -7.99804525765681 0.29544834 0.02230015 0.72166283
0.002489844691689339 -7.996456628333558 0.35307157 0.02201746 0.63499467
0.0024876184581673765 -7.980000714377451 0.30066449 0.02150227 0.70070235
0.0024917489979385753 -7.973181767754566 0.2838131 0.02249448 0.69843171
0.002495112749462702 -7.9574521911742195 0.40246317 0.02196556 0.6410577
0.0024936827106507753 -7.954368230001326 0.3272256 0.02187496 0.64768446
0.0024770021916081016 -7.950975195542469 0.35539324 0.02234784 0.68162091
0.002457627583464832 -7.9501699475143015 0.36367251 0.02172559 0.63893497
0.002444182092053918 -7.942062690318837 0.28906316 0.02239997 0.71704265
0.0024337365937342685 -7.938821031187988 0.34757298 0.02232055 0.64381813
0.0024161418350695557 -7.936672124555141 0.35017274 0.02246594 0.65303213
0.002398089823761337 -7.933920050972777 0.28213107 0.02196484 0.72968148
0.002384505097709782 -7.92813975647021 0.34570833 0.02240478 0.68513457
0.002394934563500871 -7.90541155284937 0.26127021 0.02219526 0.70644316
0.002415454229022713 -7.891098276546351 0.28568612 0.02180302 0.72428627
0.0024099174486222424 -7.890049674478461 0.29995049 0.02251918 0.69327031
0.002393266651027422 -7.885070060911869 0.36271619 0.0215977 0.65650299
0.0023777201676388263 -7.88317794163185 0.37855388 0.02177772 0.63789524
0.002360048905619474 -7.880090435932817 0.38976422 0.02222063 0.64925711
0.002343114075904032 -7.877679340571682 0.3234047 0.02250797 0.67013243
0.002326584979871733 -7.874349747935368 0.32713415 0.02251962 0.6833396
0.002319860755591268 -7.863593538822799 0.26643673 0.02213456 0.72818269
0.0023142422207786833 -7.859274556198091 0.26784591 0.0219647 0.69464487
0.0023072912241785194 -7.849727188242638 0.31609167 0.02229534 0.70752771
0.002297881416901362 -7.847525580058993 0.38948473 0.02219119 0.64900014
0.002294683180667933 -7.832666093365972 0.28448267 0.02242957 0.69763401
0.0022890583283772846 -7.832478253922038 0.3552132 0.02173417 0.67977105
0.002268976402688192 -7.830389946714809 0.34947529 0.02162338 0.67671016
0.0022702025951033193 -7.8115843718986016 0.37573965 0.02191271 0.63602703
0.002270964478580135 -7.809730642510423 0.30138507 0.02162413 0.67758408
0.0022593944303190804 -7.801913718144657 0.28597042 0.02209455 0.72447804
0.0022523724319833873 -7.796048806582244 0.30012374 0.02156197 0.69214988
0.0022369752869015277 -7.795723363449836 0.35578163 0.02166237 0.65095259
0.0022187184903513036 -7.792540376066942 0.36200038 0.02199295 0.63781335
0.00220484104932007 -7.7883732157647945 0.3767083 0.02229835 0.65128807
0.002187878947848753 -7.788081118938702 0.30313592 0.02156323 0.69462988
0.00216672810249885 -7.787901170259317 0.39138428 0.02200801 0.64415494
0.0021490215267071736 -7.784594399099024 0.26870155 0.02224684 0.71768578
0.002132417355652319 -7.783510847861273 0.2880955 0.02177655 0.71894484
0.0021171721223000087 -7.779048324976134 0.28107879 0.02191208 0.6833545
0.002101637539009698 -7.778334279749529 0.32044458 0.02169074 0.66176017
0.002088016163945634 -7.772161880409225 0.28230324 0.02168352 0.69408156
0.0020746879261729686 -7.77123164175965 0.27157335 0.0222883 0.71358097
0.002056311992850318 -7.770054672223406 0.27367791 0.02212371 0.72497107
0.0020392870384798177 -7.767959386788187 0.28776623 0.02192057 0.72253375
0.0020240938099111813 -7.765111254340275 0.29099232 0.02204843 0.67402763
0.002010044619195335 -7.761989490853258 0.3509886 0.02167153 0.65246005
0.001994917555309798 -7.760317248582772 0.38366566 0.02184555 0.64831792
0.001977919144340072 -7.7592031782284305 0.28552025 0.02166169 0.70914759
0.0019629808109310493 -7.755581984877173 0.33989528 0.02224726 0.64931169
0.001947893886915349 -7.754730237565878 0.37473747 0.02182078 0.66184753
0.0019330242893862636 -7.751010531076952 0.31772182 0.02170702 0.66334901
0.001921590062198633 -7.746696300126418 0.3722904 0.02218457 0.6406131
0.0019116824436540523 -7.741450667028357 0.38519248 0.02205963 0.65285983
0.0019066622971375142 -7.732069739372646 0.34320659 0.02239318 0.67910101
0.0019038459454375077 -7.724498740770281 0.31051459 0.02229451 0.70661868
0.0019006940509155034 -7.7154888674018585 0.38077594 0.02217025 0.65233854
0.001893941300179012 -7.711699589644202 0.31597506 0.02212583 0.70800939
0.0018831695336777 -7.706997587902225 0.27275134 0.02186921 0.69806415
0.0018694353876064246 -7.706433132239842 0.32588049 0.02165488 0.69158264
0.0018524967073272338 -7.705301472205584 0.32641657 0.02208756 0.70206515
0.001836371319312303 -7.704018132872581 0.29637997 0.0223907 0.68585645
0.001821253723331751 -7.701934269333345 0.3744004 0.02207222 0.64006886
0.0018055469035792796 -7.701439613402734 0.36097723 0.02219254 0.64366885
0.0018018075477201682 -7.686237691207099 0.29522344 0.02234455 0.68317111
0.001801995525048888 -7.681278682293046 0.33969965 0.02190592 0.69196288
0.0017949807796595382 -7.674144329656628 0.31711426 0.02170569 0.69908724
0.001785775798456602 -7.671649596543734 0.35240317 0.02185733 0.64621715
0.0017754614056261352 -7.665835773782583 0.31280243 0.02232515 0.66913548
0.0017698263505183435 -7.658113196742587 0.32829047 0.0224284 0.67898908
0.0017609375112279612 -7.655991509271394 0.33331853 0.02198833 0.69643724
0.0017495859270303784 -7.651151660175265 0.29125625 0.02183704 0.68042739
0.0017440010643209208 -7.642498134454915 0.36216042 0.02220965 0.6470866
0.0017400998689882903 -7.635722610983574 0.34507841 0.02174338 0.68038979
0.0017309813519360109 -7.6330957297949755 0.28533812 0.02184879 0.71607813
0.0017230698756027342 -7.624998598582949 0.29455925 0.022038 0.67559469
0.001713505151656022 -7.624311680215037 0.3471798 0.02169694 0.65946779
0.0016996574407251359 -7.62132873048337 0.37017411 0.02220295 0.65112103
0.0016885638668577099 -7.617509122483462 0.31857921 0.02191749 0.70377125
0.0016768793042684865 -7.615313378164366 0.28342426 0.0221494 0.68822062
0.0016624155942661857 -7.614932865933183 0.27289245 0.02199716 0.70092332
0.0016465644475718803 -7.614574227738496 0.33418584 0.02210891 0.69406524
0.0016333098992120806 -7.6111998093593645 0.28046989 0.02202665 0.68988267
0.0016232279326593218 -7.607058708839079 0.36029101 0.02188036 0.64696816
0.0016122155332625988 -7.604910768144354 0.35008411 0.02171418 0.67036854
0.001604990493020873 -7.596159056636307 0.30226135 0.02234423 0.68234832
0.0015973672233165646 -7.594513724549819 0.33780556 0.02216021 0.65296748
0.0015830477625216844 -7.594267405162105 0.32735835 0.02231298 0.66375656
0.001570480286397615 -7.590557418909047 0.32492189 0.02213703 0.65821871
0.0015626046985025854 -7.584427456663882 0.37123768 0.02214427 0.65194228
0.00155571539917752 -7.579490663705411 0.28017861 0.02222818 0.70703581
0.0015456986947667872 -7.577440684319899 0.37053721 0.02214632 0.65560187
0.0015320803278638369 -7.577288026165364 0.31465648 0.02197311 0.70530657
0.001517599616885335 -7.576533391324656 0.28439819 0.02190997 0.71532212
0.0015036695217534098 -7.575830183085634 0.27557254 0.02201571 0.69925386
0.001489376891003554 -7.575733868259158 0.33115998 0.0220648 0.6548827
0.001483373142873896 -7.564042080322046 0.32931246 0.02172942 0.66437024
0.0014782596663156942 -7.562705779333541 0.30756004 0.02208522 0.70829287
0.001465839493863793 -7.561016451690605 0.29787929 0.02234391 0.69434474
0.001454321606703592 -7.558583023553511 0.29888474 0.02234621 0.69375784
0.0014422267717637658 -7.557816963776468 0.35265852 0.02190308 0.6772643
0.001429210538364237 -7.556814601757637 0.36691483 0.02206626 0.64798317
0.001416792189376224 -7.555370424583315 0.35856049 0.02178842 0.65818827
0.0014040378745798759 -7.554999479384305 0.33997667 0.02208455 0.68823209
0.0013923857157652944 -7.552139100415543 0.35925732 0.02180443 0.66379703
0.0013810084128765237 -7.551506176197039 0.29966594 0.02199563 0.67421524
0.0013686419400277823 -7.550228751994698 0.36202821 0.02185803 0.66501823
0.0013569789445853871 -7.548721872125602 0.3269235 0.02169265 0.68462377
0.001344992084728058 -7.548073100856943 0.33701308 0.02229892 0.66179546
0.0013331402560443095 -7.546523453697962 0.35039483 0.02227267 0.67123509
0.0013230026819714396 -7.543440897694561 0.33486826 0.02220576 0.68865173
0.0013131500390955403 -7.541571393333721 0.29815473 0.02184571 0.70880901
0.0013017174940530604 -7.541028073969741 0.35130218 0.02219805 0.67542567
0.0012916248948987381 -7.537241258036476 0.3217091 0.02212821 0.66154211
0.0012815629735594594 -7.536765140063107 0.28862658 0.02190582 0.71273606
0.0012696796484128537 -7.535972262450472 0.35945246 0.02204812 0.64845486
0.0012579980955856624 -7.535350375624571 0.31332717 0.02170061 0.69247346
0.0012489080722098585 -7.5305812244785795 0.32413719 0.02235205 0.6838039
0.0012401798705662908 -7.529470738650096 0.34602641 0.02212398 0.65207077
0.0012336462824296395 -7.521261471845837 0.34758843 0.02228848 0.66920321
0.0012265079087685569 -7.521159648303705 0.35946445 0.02183087 0.65762247
0.0012161843077734423 -7.518268281519639 0.33753261 0.02183437 0.68555536
0.001207703710200376 -7.515254256754811 0.31343196 0.02173909 0.67487185
0.0011990379153787722 -7.512769488982935 0.34929527 0.02195674 0.65133123
0.001188650425832863 -7.512753912462245 0.29821908 0.02221643 0.68124648
0.001178913861923279 -7.5093217901017475 0.32520067 0.02212668 0.69597482
0.001170364671866054 -7.507407567951105 0.33991657 0.02223426 0.65890128
0.0011599788458283111 -7.507247452751939 0.29959118 0.02195646 0.70957638
0.0011493617565125295 -7.505897304810827 0.30106251 0.02175712 0.70030086
0.0011406030045462642 -7.502648414251166 0.28207498 0.02187232 0.70222575
0.0011314374395432595 -7.5021304297538896 0.35223521 0.02179062 0.66541415
0.0011208874695260653 -7.501484069269528 0.28880552 0.02180746 0.70369185
0.0011103868185618055 -7.501054340237156 0.36322158 0.02213589 0.65588611
0.00109998815011716 -7.500401533300979 0.30211949 0.02222514 0.70401337
0.0010896908223118765 -7.499964420509899 0.33688173 0.02200488 0.68874297
0.0010801274747305886 -7.498131544528215 0.30599847 0.02172204 0.69379559
0.0010710176120028666 -7.497002898508154 0.29286952 0.02177436 0.70007037
0.0010613116882586034 -7.496437945954614 0.32065317 0.02174742 0.67110017
0.0010513710891100218 -7.4959231699971145 0.31283229 0.02232794 0.6805893
0.0010414116742950906 -7.49557312789337 0.32129714 0.02189787 0.69749272
0.0010313788253540545 -7.495383685544054 0.28645539 0.02206181 0.71197429
0.001021478323847397 -7.494963815875552 0.29563193 0.0222816 0.6981606
0.0010119734863151012 -7.4941802210652355 0.30895632 0.02170915 0.68603875
0.0010023924651128835 -7.494088529773642 0.28351159 0.02197147 0.69358345
0.0009949061414186095 -7.489278310264944 0.31612155 0.02174583 0.67436593
0.0009875571215527002 -7.489010227015104 0.28886127 0.02218577 0.70716811
0.000978656692463237 -7.487485072761399 0.28968392 0.02223011 0.69509254
0.0009714411861303786 -7.483912537819901 0.28415265 0.02216173 0.69844647
0.0009639130426441664 -7.483140653119041 0.28734222 0.02187262 0.70747392
0.0009555178985874718 -7.481507574182721 0.35995124 0.0219072 0.65529171
0.0009476326426024821 -7.479813195051537 0.32601203 0.02174135 0.67050375
0.0009397369568581746 -7.478340569657309 0.30169829 0.02221247 0.67994568
0.0009316739238674021 -7.4771465807933835 0.33045994 0.02201674 0.65859063
0.0009230442136978159 -7.477051055535309 0.30217141 0.02220603 0.67927883
0.0009140515516371142 -7.476826256294781 0.34443141 0.02206888 0.6817277
0.0009052160658255808 -7.476577016964053 0.33109021 0.02177455 0.68461723
0.0008965009330729085 -7.476274258240474 0.35779836 0.0218943 0.6556336
0.0008882219987861817 -7.47523185091336 0.35095635 0.02207465 0.67586951
0.0008800346882392156 -7.4748941238593565 0.28107819 0.02207308 0.70087404
0.000871518980083162 -7.474778527608613 0.34362492 0.02202225 0.65401957
0.0008636122452792847 -7.473221595780527 0.32950826 0.02173895 0.68164615
0.0008557363589904715 -7.473200342031353 0.31150166 0.02183252 0.69964982
0.0008473096710045744 -7.473113135505083 0.3109168 0.02173582 0.69209753
0.0008401911659466061 -7.4701754211534 0.28510069 0.02196734 0.69332796
0.0008341765089228723 -7.4675808453994135 0.29289487 0.02220783 0.68962525
0.0008272758220729131 -7.466886918262155 0.35566635 0.02217792 0.6589665
0.0008199021904677664 -7.4655867008312855 0.3198437 0.02222546 0.66879283
0.0008128907009348694 -7.464163124378892 0.34596845 0.02222045 0.66020794
0.0008082645906636165 -7.457112346237655 0.28922396 0.02214258 0.69111478
0.0008036365421214553 -7.4557352357965145 0.32242124 0.02193102 0.69584981
0.0007974202465196251 -7.45274400655733 0.28644091 0.02216288 0.69973168
0.0007911979005105631 -7.4515001211206355 0.31202178 0.02208313 0.70183233
0.0007838852071873973 -7.451414032946898 0.28893897 0.02186344 0.69486964
0.0007773886174638695 -7.448246393478053 0.29537953 0.02188507 0.70585001
0.0007718589202092712 -7.4457895498326145 0.34031663 0.02189013 0.68175309
0.0007656456531249125 -7.444509269736094 0.31501955 0.02229705 0.68025555
0.000758722072725285 -7.444056397890014 0.35024078 0.02215336 0.67201625
0.0007513969909494062 -7.444011369673096 0.31946738 0.02227583 0.68893719
0.0007448147445749482 -7.441754221520779 0.28564107 0.02200728 0.70774423
0.0007385455518578481 -7.441015052466507 0.33430412 0.02184595 0.66226461
0.0007322302912188549 -7.439029831877766 0.30164989 0.02225844 0.69596382
0.0007259544773458218 -7.438329049249552 0.32908515 0.02199421 0.69158339
0.0007191563678120011 -7.437946075726584 0.35472499 0.02201653 0.65483197
0.0007122049745399342 -7.437854469127492 0.30783241 0.02175713 0.69135085
0.0007059801100018916 -7.435604060558999 0.30832464 0.02175739 0.68488311
0.0006998020111706153 -7.435531763529598 0.35815567 0.0219605 0.66321344
0.0006932561913340423 -7.434499341046608 0.28663029 0.02211671 0.70449655
0.0006887825441712367 -7.42858758240307 0.30522847 0.02224235 0.68268188
0.0006859622035219724 -7.422804465458969 0.341696 0.02205697 0.68136663
0.0006826095630559026 -7.418482196448639 0.34001914 0.02197953 0.65799516
0.0006773808516704641 -7.418277890750073 0.28671518 0.02208676 0.69746542
0.0006708478105913981 -7.4179642912877615 0.32745658 0.02217812 0.66546752
0.0006656288518560068 -7.414001262235987 0.32262681 0.02190577 0.69322108
0.0006609981456391376 -7.412023083973941 0.31213329 0.02227495 0.68728053
0.0006555348823973253 -7.410699095921436 0.28644512 0.02206677 0.69913034
0.0006500436497984808 -7.408946756830759 0.32056773 0.02178562 0.67468425
0.0006441804245951234 -7.408918996515041 0.29218989 0.02203822 0.70622375
0.000637897622312297 -7.408648204078856 0.29027021 0.02198494 0.70576085
0.0006320713701975796 -7.407369702267587 0.29395295 0.02218008 0.6930037
0.0006267014590678065 -7.4058118002855515 0.33801362 0.0218186 0.67618089
0.0006215974174925764 -7.403824702879405 0.33548961 0.02179346 0.67368389
0.0006164436678538654 -7.402561950324683 0.31846492 0.02223002 0.67402222
0.0006109507878659745 -7.401824842310642 0.35533609 0.02202679 0.66011844
0.0006053624758199671 -7.401039307309031 0.28883138 0.0220421 0.70448782
0.0005999047291172539 -7.400037386109048 0.34218459 0.02195332 0.67915338
0.0005945866104364192 -7.398947623737157 0.34079405 0.02219676 0.66469075
0.000589180347835396 -7.3984046245207935 0.29722253 0.021853 0.69904339
0.000583725531917619 -7.397649905304718 0.34829835 0.02214124 0.66142138
0.0005783377825578029 -7.397049502321734 0.32582542 0.02185057 0.68804565
0.0005730814411330817 -7.39600994190771 0.30583342 0.02224647 0.68849866
0.0005680864028236018 -7.394657653490404 0.30693769 0.02207391 0.70153514
0.0005628505071681611 -7.39462774510924 0.31563334 0.02178043 0.68692335
0.0005575000357467128 -7.393860131704204 0.32549674 0.02196026 0.66490947
0.0005528661352415399 -7.391421753163278 0.33893214 0.02214008 0.67982258
0.0005482207730304703 -7.390833721660952 0.30690864 0.02197136 0.70140702
0.0005433671676788244 -7.38930719021746 0.30750711 0.0218873 0.69891224
0.0005384003419408587 -7.389298200519283 0.31151111 0.02179572 0.68194571
0.0005333461624782882 -7.388270271687691 0.34251476 0.02191749 0.66082124
0.0005284220482521257 -7.38794805200446 0.34411556 0.02218373 0.6665465
0.0005235342598400275 -7.386955482783862 0.29628869 0.02213959 0.68835954
0.0005188649279778835 -7.385965143340295 0.33049287 0.02222226 0.66978301
0.0005140982989509149 -7.38551283633042 0.31691578 0.02186519 0.67266627
0.0005095728646271253 -7.3837484803312865 0.33051351 0.02219739 0.68312351
0.0005051676431467004 -7.382976572645595 0.30763692 0.02185188 0.69651493
0.0005004540846822689 -7.3825966760715795 0.33627345 0.02191872 0.66238353
0.0004959760819149621 -7.381052774834344 0.3088606 0.02220028 0.69506643
0.0004915221200860037 -7.380736962953042 0.29865712 0.02188704 0.68693277
0.0004870876333037984 -7.3792784035610115 0.34985711 0.02194585 0.66181358
0.00048268051833402753 -7.379013926895075 0.32226233 0.02212358 0.66820031
0.0004781289320495299 -7.378326949612544 0.32342382 0.02225074 0.67862318
0.00047371591375777955 -7.3776585078777925 0.32883105 0.02215427 0.66639023
0.00046943018316116306 -7.376602896836967 0.31347519 0.02211958 0.67329816
0.00046513047937790886 -7.376160848223761 0.32084543 0.02221526 0.68781278
0.0004606854149026641 -7.375907310660338 0.30363842 0.02186717 0.68335061
0.0004562319870452224 -7.375688160883661 0.34061098 0.02200292 0.67958327
0.0004518664363428202 -7.37523625264308 0.30429236 0.021821 0.69162902
0.000448104636133945 -7.372509054335815 0.33412577 0.02195039 0.66283734
0.0004443892520892553 -7.371985591412258 0.34909573 0.02197982 0.669704
0.00044018978994661746 -7.371598156764388 0.31275773 0.02180583 0.68863686
0.0004359755125494421 -7.371324704483596 0.33491282 0.02186245 0.6796598
0.00043189636661523624 -7.370498468077306 0.31702579 0.02221934 0.67699833
0.0004280452593138838 -7.3693376716116745 0.32411286 0.02224143 0.67989344
0.00042409683390306563 -7.369131730207655 0.3015411 0.0221995 0.69131934
0.00041999846866408387 -7.3688585095063095 0.30722835 0.02188824 0.69759089
0.0004160407608701686 -7.368166823267664 0.32518495 0.0221739 0.66953091
0.0004121514407972535 -7.3677425367195735 0.325145 0.02188933 0.68837706
0.0004083517998140974 -7.366789941892624 0.29098267 0.02205592 0.69932773
0.00040455212900667153 -7.366538576807477 0.33020545 0.02182204 0.67207294
0.00040070992604878064 -7.365974967378798 0.32372531 0.02205546 0.69146934
0.0003971506313757724 -7.364482704923479 0.34761217 0.02199891 0.66110022
0.0003936262678464113 -7.363901298426035 0.29230492 0.02197314 0.69411273
0.00039005441775383877 -7.362813531065919 0.30157847 0.02209309 0.70083267
0.0003864995685645568 -7.36231142459333 0.30632979 0.02195277 0.6785481
0.00038293653039500136 -7.361435984531979 0.30437022 0.02188782 0.69771381
0.00037931947002210645 -7.361391531038343 0.33085593 0.0218924 0.68396329
0.00037575056115347644 -7.360442061267364 0.3363364 0.02196684 0.66268165
0.000372419714383096 -7.35929904922306 0.29265337 0.02208252 0.69819322
0.0003690931546101942 -7.358486076240533 0.33432985 0.02219924 0.67593702
0.0003658078494205722 -7.3572803252273165 0.30377367 0.02219747 0.68982879
0.0003624525121082138 -7.357014527385655 0.31930502 0.02183766 0.68793113
0.0003590065581105523 -7.356485333057938 0.31966327 0.02214969 0.6719253
0.0003555630850242311 -7.3563897343140665 0.33841527 0.0218777 0.66671505
0.0003522928445928752 -7.355064934376751 0.29871871 0.02197064 0.70113662
0.0003490372490073108 -7.355056888655869 0.34804166 0.02207785 0.66664194
0.00034566311454395306 -7.354592334265007 0.32648829 0.02212397 0.66775206
0.0003425391773139063 -7.353313793422297 0.33253259 0.02213353 0.66602409
0.00033937314217389637 -7.353262906665029 0.34778651 0.02199226 0.66317035
0.00033631809415605573 -7.3514994994716725 0.33082889 0.02218646 0.67012148
0.0003334118301978451 -7.350719555097547 0.33663369 0.02200711 0.68130719
0.0003304252175244795 -7.349595182186823 0.30533696 0.02187138 0.6951036
0.00032753800991869905 -7.348371459311383 0.33320743 0.02219738 0.67323788
0.00032469262725007026 -7.347144795590674 0.3089374 0.02218273 0.68225182
0.0003217732623201199 -7.346534173205845 0.30904167 0.02187243 0.68092963
0.0003187015037282016 -7.34642845045381 0.31237152 0.0221038 0.6957067
0.0003155893793233238 -7.346259523158692 0.34413494 0.02211596 0.66938695
0.00031249185650099396 -7.3462548344812 0.31457867 0.02192028 0.69417748
0.0003094731664244567 -7.345772961564259 0.34775453 0.02200077 0.6660512
0.0003065968702349662 -7.345029513294598 0.33488642 0.02188535 0.66753654
0.0003036876347416997 -7.344940368784878 0.29699164 0.02193037 0.69774485
0.0003007299727901855 -7.344702651934301 0.31619429 0.0220948 0.69395232
0.0002980350901840213 -7.343043440956747 0.30645981 0.02185287 0.68635097
0.00029540633865587316 -7.34252017868926 0.34284793 0.02208277 0.66393246
0.0002926242234717473 -7.342067873137743 0.32160728 0.02185561 0.67425892
0.000289858412591231 -7.341612919247465 0.30971964 0.02192431 0.69609824
0.00028718248549139896 -7.340716799768724 0.31389811 0.02182871 0.68396229
0.00028454155026478087 -7.3401892506045225 0.31440918 0.02221051 0.68310748
0.00028198191427984497 -7.338889199829252 0.32884294 0.02220096 0.67577163
0.00027958327289153567 -7.337374243517417 0.30258434 0.02188391 0.68837496
0.00027709550835236117 -7.33686391181457 0.29441676 0.02201977 0.69486731
0.00027443341754917984 -7.3367806579281005 0.29700034 0.02209505 0.69182051
0.0002717377193133429 -7.336705927065787 0.2977622 0.02205804 0.68877037
0.0002692091575752781 -7.335577750881265 0.30978203 0.02201469 0.67697557
0.0002666964263429894 -7.3355601139846796 0.31617992 0.02198244 0.69400846
0.0002641051732781794 -7.335204368970295 0.29714745 0.02193365 0.69466358
0.00026156200847138696 -7.335011481863981 0.32343411 0.02199534 0.66884296
0.00025906733715271577 -7.334470500259401 0.32236531 0.02219628 0.676297
0.0002565913107053179 -7.334317609830664 0.30119199 0.02210302 0.68628656
0.00025412377818882147 -7.333896125911062 0.3087665 0.02194104 0.69638435
0.00025174837746209374 -7.333199779899173 0.3098544 0.02193632 0.69578627
0.0002494295002289604 -7.332503015333153 0.31337641 0.02215925 0.6917036
0.0002470532540018616 -7.332443786529364 0.32173488 0.02218353 0.68534963
0.00024467749828694616 -7.3319282326813315 0.29562928 0.02197979 0.69434885
0.00024233431978322947 -7.331788564060149 0.32472745 0.02199877 0.66841973
0.00023998251431686077 -7.331531974187196 0.33949431 0.02197771 0.66439213
0.00023769010554061957 -7.331084567943739 0.29902577 0.02212255 0.69323736
0.00023548356437751869 -7.330284676353393 0.3438735 0.02207623 0.66688002
0.00023327539873612123 -7.330026555491293 0.31228794 0.02217111 0.68044612
0.00023101699038263456 -7.329840936920113 0.30329603 0.02214473 0.69428401
0.00022879727039779263 -7.3294357860123975 0.32786312 0.02191218 0.68451502
0.00022663488163693858 -7.328932413039181 0.30395879 0.02189609 0.68651798
0.0002245917392321946 -7.327647493472477 0.31970755 0.02205617 0.67135688
0.0002225293828684982 -7.3274815674501275 0.30698313 0.02201094 0.67976604
0.00022053488510043995 -7.3257540894840565 0.29956522 0.02198129 0.69818055
0.00021855173521556377 -7.325646423585869 0.31046608 0.02216466 0.6914001
0.00021641700115433962 -7.325484738424806 0.31728087 0.02215477 0.67619023
0.00021430598697948097 -7.325350295826291 0.31508801 0.02206817 0.67441442
0.00021228831340184336 -7.324503291225646 0.33969007 0.02199048 0.66494823
0.00021028455361550786 -7.324416834437917 0.30986671 0.0221763 0.68965924
0.00020833390919980545 -7.323241983725679 0.3032574 0.02200295 0.69814054
0.00020644243732638687 -7.322756897588002 0.29874047 0.02195262 0.69589734
0.00020447026103880797 -7.322539430134848 0.33679479 0.02194192 0.67729067
0.00020250692513944964 -7.322153177223409 0.33150903 0.02209493 0.66750779
0.00020055122660221587 -7.322047485508254 0.3430326 0.0220472 0.67071129
0.00019863015718997348 -7.321502825715165 0.3378945 0.02204447 0.6652501
0.00019694706983772585 -7.319167268076017 0.30469266 0.02202392 0.69755228
0.00019524329617347477 -7.3189779253814855 0.3210882 0.0221556 0.67482233
0.00019337470666494562 -7.318499977681029 0.33341009 0.02194367 0.66746382
0.00019160742502995865 -7.317439836375265 0.30405261 0.02213072 0.69355969
0.00018983443962529423 -7.317191641696805 0.31931561 0.02212263 0.68929367
0.0001880144649881189 -7.316806037655715 0.30316878 0.02198787 0.68448444
0.0001862368072484874 -7.3162907694143655 0.30263966 0.02205507 0.69723741
0.0001844457282571299 -7.316232823944092 0.30407074 0.02189902 0.68960653
0.00018263953549495056 -7.316071724325284 0.3324471 0.02197206 0.66709882
0.00018088563378608632 -7.315631174094373 0.31219649 0.02192325 0.69286249
0.00017916584882602817 -7.315277180211602 0.29812258 0.02204188 0.69575873
0.00017751656940020064 -7.3142266636345425 0.3216689 0.02185626 0.67984868
0.0001759293441043907 -7.313339425028402 0.32632705 0.02216896 0.67521442
0.00017434358737945595 -7.312434946039373 0.33248885 0.02214836 0.67606811
0.00017271046769658647 -7.312261360228983 0.31761807 0.02215271 0.67735719
0.00017112596564657857 -7.310968032606648 0.31421713 0.02216249 0.68091634
0.00016954648305202123 -7.310905883322307 0.32568999 0.0218872 0.67373056
0.0001678758276748523 -7.310872450982237 0.32770849 0.02213913 0.68199991
0.0001662278624010025 -7.3107353719467625 0.30374118 0.02211319 0.69383282
0.0001646300313915318 -7.310289413978204 0.31056089 0.02187424 0.68673694
0.0001631519987150502 -7.3088720599301205 0.32944295 0.02215953 0.6755516
0.00016170788507619002 -7.308169862797248 0.30132426 0.02194523 0.69319881
0.00016017052720139079 -7.308076249785842 0.3312242 0.02197316 0.68194423
0.00015861942600837892 -7.307731741963842 0.31529595 0.02215252 0.679532
0.00015708464350382937 -7.30762155208916 0.30481152 0.02191179 0.69151597
0.00015562369767668397 -7.306519164688324 0.31220733 0.02207705 0.67805594
0.0001542068612457758 -7.306012536625829 0.32137562 0.02191356 0.67426063
0.00015273285278540548 -7.305827689096537 0.29973882 0.02198751 0.69163896
0.00015129155096336205 -7.3050751254257005 0.33647199 0.02209305 0.66916811
0.00014986482562636422 -7.30487699757988 0.32956717 0.02213393 0.67984505
0.00014846665434242571 -7.303921366552007 0.30000796 0.02205325 0.69361635
0.00014708920231335293 -7.3036184544007385 0.31187993 0.02213177 0.69072852
0.00014567542623367678 -7.303337066202077 0.34024323 0.02203221 0.67087363
0.0001442539795771468 -7.3033288646816725 0.33899274 0.02196676 0.67083541
0.00014287634632226124 -7.30262842296481 0.32969835 0.02213697 0.67282648
0.0001415171057830108 -7.302545974911785 0.30837959 0.02213268 0.68483764
0.00014016059140834044 -7.301991340464954 0.30050919 0.02202212 0.69478992
0.00013881696949781555 -7.301910332886426 0.32073682 0.02209665 0.67369451
0.0001374693758839725 -7.30160095659189 0.31874516 0.02203413 0.6736303
0.00013620926537159808 -7.30042749623109 0.30377516 0.02210692 0.69090986
0.00013495355493423484 -7.300223435790417 0.32720892 0.02193584 0.67136939
0.00013363276363752768 -7.300197252035988 0.32931244 0.0220609 0.68285744
0.00013232985332315117 -7.29991834031585 0.30416808 0.02205245 0.68548934
0.0001310607245820629 -7.299570465420918 0.30533331 0.02193102 0.68708057
0.00012985701930079722 -7.29847148745731 0.30481221 0.0219384 0.69247271
0.00012866644498104918 -7.298090809590719 0.33105434 0.02199976 0.66877648
0.0001274189108291657 -7.298057167960877 0.32696135 0.02193978 0.67152414
0.00012619255302820015 -7.297532675757164 0.32848141 0.02201552 0.68363311
0.00012501601910542553 -7.296890654821049 0.31335641 0.0218865 0.68458644
0.00012382041265647623 -7.2968512136653745 0.32910801 0.02190349 0.67819056
0.0001226030059809316 -7.296751373201745 0.32176547 0.02188309 0.68183452
0.00012140493907724937 -7.296590515299386 0.31976478 0.02189332 0.68487141
0.00012021962536099402 -7.29647327005679 0.33813506 0.02198117 0.67081544
0.00011904398812051883 -7.2963442712116535 0.30965036 0.02207044 0.6809225
0.0001178849681236177 -7.296140155198612 0.33303754 0.02196092 0.678503
0.00011673505576846825 -7.296048433614572 0.31168481 0.02209029 0.69209531
0.00011560235124567626 -7.295740696756574 0.31515589 0.02190421 0.67999023
0.00011448706017492534 -7.295536739615572 0.30541703 0.02210866 0.69085267
0.00011338746304328163 -7.2951420136571645 0.32539109 0.02192474 0.67319034
0.00011231636901857132 -7.294618542196652 0.30870128 0.02192499 0.69112801
0.00011126095035190945 -7.294123877236919 0.33649588 0.02202721 0.66885146
0.00011018780947338144 -7.294101974578531 0.32318167 0.02199264 0.67208968
0.00010913346207150005 -7.293452746488493 0.30384016 0.02200285 0.68665792
0.0001080952484328591 -7.293318787030085 0.33741857 0.02205553 0.67069769
0.00010704245524613789 -7.293126558771357 0.31984206 0.02206051 0.67405595
0.00010601619480274363 -7.292685505052814 0.31017163 0.02197364 0.69295014
0.00010499618380586222 -7.292561569891317 0.3357387 0.02195654 0.67199226
0.00010397107165035157 -7.292407448546124 0.31889027 0.02188604 0.68191863
0.00010295426110958671 -7.29231666537665 0.31610889 0.02210642 0.67781872
0.00010195094599750349 -7.292092890686618 0.31571122 0.02194644 0.68988643
0.00010095714052982029 -7.292007393823711 0.30364809 0.02198932 0.69370205
9.996758241980932e-05 -7.29189246637306 0.33287152 0.02210205 0.67628975
9.898817522270881e-05 -7.2917978447014224 0.32009078 0.02193493 0.67543752
9.804851355356608e-05 -7.29106795234316 0.32503374 0.02214052 0.67657697
9.711492761482347e-05 -7.2910316391647765 0.32987797 0.0220637 0.67025857
9.618054885984756e-05 -7.290503271110552 0.32807186 0.02213439 0.67650546
9.528586641584889e-05 -7.289822321580885 0.32876345 0.0220859 0.67141219
9.438348334787588e-05 -7.289633302651203 0.31205663 0.0220866 0.69134707
9.439438488084668e-05 -7.289591321329773 0.3254878 0.0221193 0.68217853
9.441587822113767e-05 -7.289178002290146 0.31980894 0.02206881 0.68817726
9.444074241427285e-05 -7.289064656010956 0.33304705 0.02203056 0.6694588
9.444982678189618e-05 -7.288985627507337 0.32389538 0.0221083 0.67417416
9.448899687432547e-05 -7.288235530014076 0.30346594 0.02200191 0.69298866
9.453716473408185e-05 -7.287966220442751 0.31985565 0.02211065 0.68641199
9.455886389650941e-05 -7.287776512561269 0.33668005 0.02204241 0.67224376
9.456998022325244e-05 -7.287731106061001 0.33147563 0.02203811 0.66988997
9.457793249663034e-05 -7.287608345342979 0.31491134 0.02214094 0.68503629
9.460000197612512e-05 -7.287264492237741 0.31165567 0.022091 0.68106959
9.462845349318193e-05 -7.287006910831443 0.30397066 0.02205444 0.68853931
9.464539111814463e-05 -7.286906528553836 0.3165187 0.02212654 0.68679563
9.465732511427236e-05 -7.28675474661419 0.30920845 0.02195708 0.69182064
9.46689200210823e-05 -7.286661552974541 0.32774238 0.02209227 0.681546
9.468567191572496e-05 -7.286400887895016 0.31352877 0.02190759 0.68321337
9.470339328876438e-05 -7.286287254183536 0.31195331 0.02198432 0.67982475
9.471262933475088e-05 -7.286205843774652 0.31151494 0.02205115 0.69210019
9.472568296281159e-05 -7.286011633907193 0.30702188 0.02194278 0.69026488
9.473690372903319e-05 -7.285968938083296 0.33616341 0.02200373 0.67125828
9.473918418145091e-05 -7.285963491185228 0.30904637 0.02196737 0.68286828
9.474340178087757e-05 -7.285879905795432 0.32707881 0.02205976 0.67156741
9.475662577938854e-05 -7.2856843645045615 0.31185326 0.02207911 0.6806226
9.476910026592607e-05 -7.285616619425338 0.31232495 0.02193311 0.68166591
9.477701656906663e-05 -7.285517307730831 0.31304166 0.02190943 0.68667113
9.479800209187032e-05 -7.285173855558039 0.33633423 0.02201761 0.67217209
9.48198342808527e-05 -7.28505673029 0.30630676 0.02205237 0.69282887
9.483227746993717e-05 -7.284911415002081 0.33202292 0.02198951 0.67876108
9.48402680567608e-05 -7.284888211841665 0.30760619 0.02203047 0.69312742
9.484319556105353e-05 -7.284849680720678 0.31717777 0.02199098 0.67622331
9.485312137449338e-05 -7.284678919737318 0.31406845 0.02190692 0.68353612
9.487109361439994e-05 -7.2844707713236625 0.32380899 0.02203903 0.67265888
9.489150493491754e-05 -7.284248671636553 0.32690424 0.02212419 0.67882409
9.493132974792203e-05 -7.283631654530112 0.30810417 0.02197766 0.68383826
9.498272580483046e-05 -7.283166118700032 0.33396044 0.02197664 0.6717103
9.503107694535833e-05 -7.28261383177714 0.31700298 0.02213583 0.68241204
9.505765326250962e-05 -7.2826068022055095 0.30511246 0.02199591 0.68734132
9.511673594626475e-05 -7.281371507841135 0.3239823 0.02193542 0.68305919
9.518203810246602e-05 -7.281233801612579 0.3314368 0.02194599 0.6754472
9.519056307349416e-05 -7.281192381723328 0.31114705 0.02199356 0.68093857
9.51932425103353e-05 -7.2811775057609 0.31644726 0.02198511 0.67717375
9.521052267741538e-05 -7.28082939042162 0.32293623 0.02201879 0.67334391
9.527709972488543e-05 -7.279779716771497 0.31506157 0.02192725 0.68094938
9.533996247248492e-05 -7.279509991014965 0.33281751 0.02199632 0.67137507
9.535549983991269e-05 -7.279453789836155 0.30568485 0.0220624 0.69016635
9.538636332682228e-05 -7.278862847042947 0.30645563 0.02200427 0.69195281
9.542274820122406e-05 -7.278690960707499 0.30710856 0.02207624 0.69001955
9.543324333442277e-05 -7.278642881026355 0.30787673 0.02208839 0.68874857
9.548195183263414e-05 -7.277670670026617 0.3225059 0.02203737 0.68580558
9.555731877645862e-05 -7.277064695585237 0.3107323 0.0220202 0.69146216
9.558634555514337e-05 -7.2770631444611205 0.3173421 0.02198404 0.67710679
9.563286806472254e-05 -7.276091754999972 0.31829929 0.02193583 0.68581272
9.569210573764942e-05 -7.275824454025162 0.32462215 0.02203282 0.6732518
9.571097644526334e-05 -7.275697375369361 0.32521672 0.02192772 0.67708693
9.57381923954384e-05 -7.275255868403536 0.31950907 0.02201138 0.68743301
9.577588541892406e-05 -7.274910092752458 0.31385446 0.0219284 0.68606378
9.581809028147238e-05 -7.274374778832429 0.32134237 0.02193956 0.67711746
9.584474114927091e-05 -7.27435381806536 0.33212038 0.02205853 0.67552076
9.585756424192139e-05 -7.274107231305917 0.30609407 0.02203231 0.68844663
9.588396761285139e-05 -7.273803014273683 0.31407912 0.02199218 0.67959599
9.593156011420002e-05 -7.2731148625393915 0.3274384 0.02206226 0.68094033
9.597529211407371e-05 -7.272891382803114 0.32076821 0.02210386 0.67799321
9.599109487224867e-05 -7.272785571076502 0.3166597 0.02208132 0.67894794
9.59998666512128e-05 -7.272708627485828 0.32236377 0.02204514 0.68519727
9.601954455273345e-05 -7.2723756824688035 0.33074526 0.02197292 0.67648243
9.605563257930318e-05 -7.27195710394247 0.30868891 0.02202073 0.6845908
9.607611025738184e-05 -7.271949312915042 0.33141591 0.0219806 0.67435734
9.608241758513106e-05 -7.27182581348399 0.31944245 0.02210425 0.68424343
9.608940239680234e-05 -7.271803922418042 0.32995975 0.02196638 0.67458238
9.609455498757757e-05 -7.271718572294718 0.31184576 0.0220941 0.68732544
9.61468217955652e-05 -7.270716646904823 0.32202354 0.02193629 0.67805365
9.624793973370516e-05 -7.26961632254043 0.32991191 0.02204863 0.67803103
9.635408575913618e-05 -7.268512185456736 0.32264744 0.02210514 0.67983106
9.641208399303636e-05 -7.268412526171758 0.31308975 0.02197498 0.68175848
9.644388371065326e-05 -7.267852707599341 0.30783398 0.02201768 0.6889009
9.648453195669348e-05 -7.267569704553908 0.32085008 0.02195075 0.68367118
9.660466627678059e-05 -7.265365221909097 0.31019374 0.02205447 0.68834818
9.677000903830518e-05 -7.264148705399778 0.3284156 0.02201462 0.67886297
9.684044064844463e-05 -7.263909746126747 0.32343503 0.02205728 0.68277118
9.686437977156086e-05 -7.26365436509556 0.30928517 0.02201665 0.68668732
9.68945170602186e-05 -7.263287602829445 0.31446803 0.02196815 0.68673893
9.691677155710643e-05 -7.26319503121993 0.30947801 0.02201871 0.68802786
9.693913411989932e-05 -7.262826208197265 0.30958089 0.0220122 0.68770613
9.697039298442708e-05 -7.262550202868728 0.32225984 0.0219753 0.67699323
9.700480159885965e-05 -7.2621166894361595 0.32006653 0.0219792 0.68459306
9.704873888760802e-05 -7.261644538071623 0.31509903 0.0219579 0.68464037
9.718079042396317e-05 -7.259398400024304 0.32415771 0.02199097 0.67649987
9.732493797820032e-05 -7.258679018806257 0.3204969 0.02196243 0.68004281
9.736105388188045e-05 -7.2586562368225 0.31914166 0.0219747 0.68406662
9.73750251874142e-05 -7.258392056831583 0.32651895 0.02203634 0.67897271
9.740561565409789e-05 -7.258028049064702 0.31655638 0.02196776 0.6823181
9.745251672028059e-05 -7.257429339705228 0.32005513 0.02205266 0.67868503
9.748402803815763e-05 -7.257381363603628 0.31470836 0.02204273 0.68645567
9.749492191549819e-05 -7.257205858554167 0.3176127 0.02196669 0.68220883
9.751312415725243e-05 -7.257008001776496 0.32315655 0.02204213 0.67718939
9.75927718320418e-05 -7.255573451466138 0.31399992 0.02201631 0.68629634
9.776212134025354e-05 -7.253540993853847 0.32412235 0.02203616 0.67920116
9.789170550241585e-05 -7.252923259934246 0.32374961 0.02201499 0.67993635
9.792861692307894e-05 -7.252786917598846 0.3213293 0.02203854 0.68197039
9.806209418881748e-05 -7.250200771967285 0.31926555 0.02202695 0.68132581
