3.831386364743584e-36 152.4831378751204 0.42615359 0.02341688 0.89814498
1.864095976723636e-32 135.48386452910938 0.49604067 0.02262064 0.84200431
1.1115278395073072e-30 127.32077884559276 0.43819463 0.02159134 0.87131302
6.183560618840938e-30 124.21987426602968 0.4765749  0.02388726 0.82422933
6.046390736167819e-27 110.04620531787414 0.11836034 0.0213935  0.54423292
2.1254596967586417e-26 108.17137372634913 0.40153279 0.02107539 0.8689608 
4.206976593503298e-25 101.59304005737087 0.38911369 0.02313504 0.86655187
9.43073074921068e-25 100.9950213230123 0.35892823 0.02059858 0.88199322
2.069309630553721e-24 98.89368409848981 0.48834056 0.02258023 0.80387438
7.960639375654773e-24 96.00255984133885 0.36030295 0.02238354 0.88661757
1.596824752493041e-23 95.18723094757226 0.13048353 0.02161834 0.55875673
2.9412550015887903e-23 93.70538215342839 0.16466125 0.023887   0.56237036
4.6083274434163374e-23 93.12486631165012 0.13425975 0.02023107 0.58992401
8.042121422321847e-23 91.65906053821557 0.16059768 0.02051753 0.55808342
3.046729551241673e-22 88.57890333974065 0.19909058 0.0200594  0.54965739
9.930309121866358e-22 86.38328017404154 0.19257881 0.02180826 0.52378212
1.7780281749804855e-21 85.69369355034573 0.22598162 0.0207768  0.5169071 
2.417802485097176e-21 85.0989643498943 0.46385363 0.02105326 0.79571619
4.659486078287824e-21 83.35455063465825 0.17138697 0.02248987 0.54655211
6.904703432149375e-21 83.12373444166566 0.22924593 0.02292107 0.51339101
1.6342104616070954e-20 80.60658782331924 0.36566806 0.02065668 0.84675281
2.6477470680119172e-20 80.41372118749372 0.12658891 0.02241864 0.5946408 
5.1064248152820234e-20 78.41489345105482 0.27559128 0.02336512 0.50616023
1.76843992924862e-19 75.75263226883283 0.42763984 0.02145041 0.80884271
6.969101791104675e-19 72.96424739881854 0.44502284 0.02044542 0.77590004
4.574811845763634e-18 68.99548570274347 0.33418837 0.02386086 0.83367981
8.012277457925225e-18 68.97149626295806 0.14771488 0.02273918 0.60289029
5.2741509625817845e-17 63.96574851115231 0.3272531  0.02146828 0.85739474
1.135977008663913e-16 63.36043308812196 0.10060921 0.02050607 0.72479888
1.4382207379354488e-16 62.95697800695055 0.18908176 0.02085898 0.58848161
1.6302161290002132e-16 62.80209366865153 0.30780181 0.02227466 0.50523932
2.098892129492471e-16 61.9860586694262 0.37303296 0.02361411 0.80085406
3.161684489608173e-16 61.13145110475752 0.42545295 0.02321139 0.77551324
4.375402158323734e-16 60.59230119397396 0.46257364 0.02102557 0.75516813
5.740988686745256e-16 60.010985119235286 0.45005235 0.02183064 0.77021171
1.1064325976813743e-15 58.25831677145821 0.27561082 0.02129342 0.53394247
2.0142640436596935e-15 57.313098980926995 0.11239086 0.02093753 0.70083529
2.5767197044115116e-15 57.12712850543032 0.11393463 0.02359786 0.72959292
2.680462948706931e-15 57.11111866979731 0.32233335 0.02248414 0.51162782
3.004389211510071e-15 56.65671148052035 0.36483873 0.02308593 0.50497606
3.4394733106274576e-15 56.50737279411676 0.44601545 0.02365441 0.74022317
3.547359803654188e-15 56.49061711419228 0.28859064 0.02336093 0.85425373
4.581893688014896e-15 55.55283758372814 0.45464642 0.02073898 0.74360077
6.5189753116778465e-15 54.97329748496459 0.40492991 0.02052908 0.50626763
1.2146287903385936e-14 53.315933417767276 0.25866349 0.02201947 0.54842033
1.7862514573497524e-14 53.06469783695444 0.13874451 0.02283921 0.66270642
2.789930274509378e-14 51.70985148750456 0.48603112 0.02125589 0.72707233
5.2075959447275916e-14 50.48728989867984 0.17838443 0.02325336 0.63614486
6.917655800652502e-14 50.352492751481826 0.30289469 0.02254992 0.8467844 
8.897413841492209e-14 49.523731291398406 0.17770156 0.02042553 0.88465796
1.2696223930639166e-13 48.86007191259762 0.11533277 0.02344616 0.85565898
2.0121436848588544e-13 47.74158188023732 0.2821689  0.02182419 0.54892548
2.7554650117105836e-13 47.42116673624145 0.46115791 0.02229627 0.7380064 
3.0331447694196583e-13 47.3065480120441 0.11350375 0.02159772 0.72438191
3.933043450321344e-13 46.43473381783369 0.16838484 0.023567   0.87556256
4.922688604873009e-13 46.277794725465895 0.47917096 0.02332839 0.50076794
5.200517277868688e-13 46.17359849645433 0.24841085 0.02318913 0.58893506
6.056679369491911e-13 45.6599155768035 0.43100064 0.02306093 0.74166439
7.011014622631622e-13 45.518132976245106 0.25607356 0.02246769 0.86762487
7.836676137249402e-13 45.1860423006365 0.39937235 0.02213099 0.50654725
8.962396721624651e-13 44.935510953267105 0.10887099 0.0229743  0.84769537
1.303942575660826e-12 43.798194430857066 0.30056521 0.02236293 0.83469057
1.6559088435871667e-12 43.7803656138943 0.31764231 0.02210575 0.82434083
1.6587189482553652e-12 43.75167396184652 0.41622923 0.02169641 0.50554755
1.730768338605969e-12 43.574312824811585 0.34508479 0.02317411 0.78939541
1.9942666870149816e-12 43.162281703522325 0.46347028 0.02355603 0.69786021
2.45434766031905e-12 42.7086563657477 0.11633748 0.02158919 0.882004  
3.389716764390054e-12 41.88872569055772 0.3868248  0.02277231 0.7668103 
4.177054475423712e-12 41.75228786397333 0.12001384 0.0219834  0.8869025 
4.296215635881283e-12 41.73412624523377 0.15698529 0.02380331 0.79252861
4.444667707419275e-12 41.5795490924091 0.18868452 0.02199022 0.63126064
4.991270905975889e-12 41.24165193927064 0.11160141 0.02188147 0.76903151
6.126891919757338e-12 40.73722648303739 0.49494331 0.02147202 0.69945306
8.532722657785046e-12 39.92679049086631 0.14194187 0.02057114 0.79121278
1.3944776640873324e-11 38.8060807068229 0.1439365  0.02063638 0.81032949
1.8014853547510732e-11 38.70881835396137 0.29351487 0.02107058 0.57763732
1.8401217992965722e-11 38.68031756823789 0.14864087 0.02204862 0.88973813
1.9223093870228695e-11 38.498274507680364 0.29416171 0.02317638 0.80797791
2.023551208095339e-11 38.43162359106554 0.32026288 0.02347352 0.58348861
2.0807616424726614e-11 38.347286898736634 0.49375653 0.02139601 0.69265181
2.1557257836276776e-11 38.250529556815 0.20076972 0.02023437 0.70283371
2.3896687619942058e-11 37.90878699144658 0.46045934 0.02336245 0.69109883
2.9270938178156737e-11 37.415113444258154 0.30867638 0.02052828 0.78058056
3.4139088838877445e-11 37.22760052469122 0.38075178 0.02244737 0.763306  
3.5833730213656e-11 37.177446585682034 0.28944362 0.02103803 0.58548931
3.879784840536742e-11 36.88058956824002 0.43257077 0.02013556 0.58084226
4.142968913819995e-11 36.864141819541864 0.14165199 0.02321978 0.79323257
4.583044231126058e-11 36.457577574038005 0.19092473 0.02229304 0.87585064
5.200419273088097e-11 36.301264430717524 0.40875347 0.02072431 0.54955398
5.358675508954107e-11 36.29481765300942 0.36895204 0.02374198 0.58726072
5.4190565845643386e-11 36.21738768869615 0.41189027 0.02169913 0.52592817
5.542714890365597e-11 36.16436755412702 0.17933268 0.02106741 0.85990852
5.6278103912480604e-11 36.116576414890844 0.12849777 0.02206442 0.75512347
5.8074925005861504e-11 36.000257964226904 0.39235728 0.02050256 0.5668893 
6.585292407913805e-11 35.593019394680084 0.15588635 0.02184492 0.69713157
7.675640136150299e-11 35.33521243218452 0.35377896 0.02011925 0.61532838
8.170746830554246e-11 35.29508257775642 0.32397083 0.02323124 0.58202603
8.547159218768153e-11 35.118932536724095 0.30335501 0.02052091 0.60721614
8.848980149818345e-11 35.11259595195981 0.38576783 0.02190414 0.53639819
8.96487070324247e-11 35.02797533075553 0.25039993 0.0220936  0.60182685
9.110906840409306e-11 35.00731869032585 0.16655873 0.02169439 0.685183  
9.66992930614631e-11 34.75770876421034 0.20769786 0.02163893 0.63910378
1.0383981888969477e-10 34.67560321473307 0.20977447 0.02020474 0.75945017
1.0546180481761867e-10 34.65511992464613 0.32767257 0.02002943 0.70789542
1.07939883219936e-10 34.54437982115183 0.19882716 0.02196537 0.64604241
1.2866743830564322e-10 33.95449767887742 0.1704421  0.02258772 0.86247276
1.6375852708198479e-10 33.52013076813289 0.24719716 0.02019105 0.75921179
1.80559225279016e-10 33.50054261745124 0.42802367 0.02125083 0.71608955
1.9125220299290602e-10 33.25752268305521 0.49296499 0.0234929  0.55315896
2.0491554780357476e-10 33.17813154930475 0.15080521 0.02111895 0.82609761
2.0865960373151313e-10 33.14464847384828 0.3433827  0.02010781 0.6968411 
2.161194708660235e-10 33.00028607845684 0.18580308 0.02074116 0.82057674
2.4182553520117595e-10 32.66660381564597 0.49841263 0.02125443 0.52143603
2.600498459656176e-10 32.655969858613304 0.1514223  0.02291241 0.8212957 
2.6300165213928017e-10 32.58231844057676 0.1432845  0.02226988 0.84525382
2.7644729573284905e-10 32.41936914246442 0.41794283 0.02159373 0.53625191
2.967595536850515e-10 32.25881227704638 0.33772723 0.02167668 0.77814924
3.2554740949833576e-10 32.013519245399436 0.25124592 0.0230934  0.81261229
3.5125628628190737e-10 31.90883228241697 0.39174349 0.0201766  0.63068941
3.626842611132299e-10 31.84479460230812 0.19242304 0.02353008 0.7499729 
3.6661462452978216e-10 31.825450849159072 0.33180294 0.0221909  0.56745464
3.784143748911814e-10 31.68084538728106 0.35605047 0.02094839 0.57570561
3.9090505527440274e-10 31.65323204360527 0.41331591 0.02277111 0.54602108
4.0155127594101966e-10 31.53520759696412 0.32874465 0.0204568  0.73712286
4.096201445781279e-10 31.53211088046061 0.20550019 0.02279732 0.66395215
4.1010565762577755e-10 31.490879279059424 0.37565771 0.02323495 0.57506899
4.4723447213303816e-10 31.159163072917792 0.247331   0.02283809 0.62904187
4.834512561741566e-10 31.126006685580986 0.17605413 0.02112976 0.71158979
5.060093767276929e-10 30.941078782373964 0.23070102 0.02057112 0.6802607 
5.319928951448987e-10 30.88206763041192 0.25541917 0.02027878 0.74384014
5.830294097721135e-10 30.54831954721432 0.25989118 0.02362613 0.6711524 
6.272393645939081e-10 30.53601548780673 0.46258234 0.02114718 0.54029688
6.263992974912185e-10 30.513921145060742 0.35816653 0.0202025  0.65436749
6.360359801312302e-10 30.4358466061369 0.36175424 0.02115206 0.5711539 
6.698456943780262e-10 30.269640982564425 0.48977457 0.02181521 0.5226381 
7.105347790834891e-10 30.158261636604948 0.22731929 0.02108337 0.65467219
8.517383999461315e-10 29.5494036863938 0.47197946 0.02056254 0.63109705
9.99380340789422e-10 29.434525101051655 0.24700149 0.02038751 0.70275895
1.035835370390485e-09 29.36524067067326 0.24341407 0.02041031 0.70356316
1.0668905514309614e-09 29.276937688982386 0.33914446 0.02037582 0.63515401
1.0870597003474252e-09 29.249645307190022 0.41935852 0.02352372 0.66557688
1.1269182952101614e-09 29.095954321387445 0.30440426 0.02091224 0.7685057 
1.1625911786009188e-09 29.08225733089645 0.35126253 0.02326287 0.59650314
1.1642382639649633e-09 29.0505919473067 0.20161753 0.02065988 0.77478376
1.294788688281335e-09 28.638408188183497 0.44359242 0.02193965 0.69907044
1.4309540240655874e-09 28.589909716821424 0.23937818 0.02323408 0.66720224
1.4681698189253612e-09 28.496697886851088 0.31964352 0.02374095 0.68185298
1.5026353618322358e-09 28.4564098415448 0.46109484 0.0205554  0.5968966 
1.6138674422418449e-09 28.180546845645324 0.47788421 0.02114567 0.54728008
1.7113565418522181e-09 28.17249991901913 0.24718888 0.02079858 0.78673647
1.765235556298757e-09 28.01966537453114 0.3097198  0.02343351 0.74023374
1.8416766473192705e-09 27.960645953959233 0.25824162 0.02360838 0.73468647
1.8893944190886877e-09 27.877963203352028 0.19254038 0.02099965 0.71894953
1.9721856763430814e-09 27.750477203658374 0.49874388 0.02328852 0.57726751
2.179558902805185e-09 27.447661440132137 0.38276398 0.0204266  0.64020661
2.353706820650975e-09 27.3921342834727 0.28327012 0.02185896 0.60762034
2.391260309376662e-09 27.344442637255465 0.27818054 0.02117322 0.62455071
2.468946535460372e-09 27.225920329475315 0.18942183 0.02311668 0.74901715
2.520655189121081e-09 27.21998080782799 0.30781457 0.02192446 0.78216132
2.5507846788604168e-09 27.13939758589404 0.18657592 0.023021   0.78984612
2.6282151986319615e-09 27.06052948385148 0.1743974  0.02241178 0.72317397
2.6933952482243567e-09 27.00126742284305 0.24932413 0.02056152 0.74940193
2.8468038561441302e-09 26.80359417317461 0.22573749 0.023416   0.73532049
3.009876451784826e-09 26.73437415937991 0.4029893  0.02087483 0.69068812
3.051066915209339e-09 26.708905809555826 0.34969663 0.02138651 0.58388986
3.113986357607177e-09 26.613968860393292 0.16795411 0.02212647 0.7356853 
3.2417794293281876e-09 26.508493657197928 0.2869225  0.02203049 0.7924719 
3.3036565610886228e-09 26.497163045712785 0.41750936 0.02336602 0.6004911 
3.304831332246876e-09 26.4673651382219 0.2189661  0.02115489 0.68049905
3.3098431026551856e-09 26.451221911818525 0.48040228 0.02075167 0.59535819
3.3966872172138297e-09 26.32589498702786 0.40933661 0.02196174 0.71283882
3.535683632862566e-09 26.249757871899273 0.23127727 0.0221037  0.82014475
3.67077673758365e-09 26.136972499264598 0.36475967 0.02067351 0.69785251
3.778503409942883e-09 26.09291047683297 0.36210747 0.02087047 0.71466322
3.798001786818271e-09 26.0763743785917 0.43563028 0.02199283 0.69472741
3.797183679432001e-09 26.053999265145727 0.47987019 0.02089788 0.63034747
3.798507395345802e-09 26.035160660622516 0.26189311 0.02287489 0.64258367
3.803982600093099e-09 26.008481067920066 0.3227013  0.02327535 0.73235088
3.864418159605343e-09 25.932933512359543 0.20792661 0.02086206 0.73151168
4.124399600313003e-09 25.713542579692085 0.17899837 0.02206175 0.82103844
4.336355308202502e-09 25.68675337524613 0.17701979 0.02214151 0.81896053
4.421087431865705e-09 25.597246944506562 0.35393753 0.02053511 0.64666204
4.484179211444989e-09 25.589279524649864 0.18611913 0.02161773 0.81704597
4.502392006891037e-09 25.54150956011349 0.23948543 0.02098695 0.78497171
4.526492690971039e-09 25.527861897816795 0.36335373 0.02167167 0.73779822
4.518597884065864e-09 25.50871341182463 0.33637256 0.02285503 0.74356959
4.885395475985515e-09 25.188614984659658 0.38580148 0.02103257 0.59001715
5.287603779805751e-09 25.139954109127004 0.40212037 0.02102775 0.69100683
5.496050295534086e-09 24.996433754278115 0.22929849 0.02149736 0.66475843
5.72148296675986e-09 24.93722349021487 0.19215028 0.02154804 0.81140538
5.789332036486973e-09 24.909137265880666 0.23682522 0.02072186 0.72072419
5.776583934638771e-09 24.90614239108746 0.3803841  0.02315895 0.60258982
6.245712476329626e-09 24.571025427068644 0.35452604 0.02235206 0.58503675
6.913811177942762e-09 24.44771664172571 0.27975968 0.02070013 0.67435136
7.1700915229771146e-09 24.38423789248245 0.23521488 0.02254658 0.66256091
7.651349447300673e-09 24.154169961719905 0.22069386 0.02212702 0.81265804
8.096887948386708e-09 24.11165869078287 0.41282651 0.02086535 0.60234475
8.157569532838582e-09 24.08436986862936 0.36856077 0.02104209 0.60158587
8.23933884781473e-09 24.032209045234897 0.18961713 0.02193791 0.81140811
8.934600905831998e-09 23.731477267306104 0.25852813 0.02164123 0.64273319
9.687492641606046e-09 23.658168524044697 0.44013495 0.02298336 0.65528152
9.883154217665035e-09 23.611294536048653 0.49621665 0.02135489 0.56297069
1.0026695562099312e-08 23.56073457612634 0.22987884 0.0231729  0.73338296
1.0082098497347919e-08 23.54914912837681 0.26982072 0.0213272  0.64364473
1.0290586624079851e-08 23.440518832760823 0.27159711 0.02325092 0.68110172
1.118772388624008e-08 23.181878780147546 0.33589241 0.02124558 0.61040791
1.2196086175246013e-08 23.0493641131431 0.46427142 0.02288105 0.58133999
1.2534833193742945e-08 23.03034275008965 0.35699258 0.02315391 0.6982143 
1.2645591521166283e-08 22.974715415732483 0.32595096 0.02149875 0.74770703
1.2696203701653435e-08 22.974177197053155 0.34967323 0.02086306 0.6295352 
1.287186361540511e-08 22.881035239994787 0.20817279 0.02142768 0.792086  
1.3112498700630123e-08 22.859262557757035 0.20044584 0.02280136 0.75298034
1.3080339212109961e-08 22.851005564052695 0.36906102 0.02308547 0.61558575
1.301646224935795e-08 22.839052157056 0.24979264 0.02303538 0.76162234
1.3185408904230374e-08 22.760376271403892 0.39656932 0.02214585 0.57602235
1.3507759438912626e-08 22.702285109044883 0.23908405 0.02315099 0.72934506
1.3870335107205599e-08 22.615149732469582 0.24986353 0.02230151 0.65405416
1.4072013451189848e-08 22.60380859179107 0.22531268 0.02178394 0.67716106
1.4248701133690366e-08 22.526174502657746 0.41597901 0.02160006 0.68804382
1.444958396663831e-08 22.507298994193285 0.49369521 0.02123128 0.60885204
1.4463216889719927e-08 22.482632548522147 0.31063071 0.02284416 0.62913937
1.4513225401828345e-08 22.45371943124398 0.30117024 0.02275962 0.63100776
1.470249293986169e-08 22.391385453890173 0.27786965 0.02240834 0.63582395
1.4803758248266595e-08 22.385980020931314 0.2620266  0.02181278 0.64457174
1.492517632230005e-08 22.31946001112761 0.26662264 0.02301257 0.67103437
1.5276580075757072e-08 22.253090326435363 0.3413555  0.02120536 0.61497931
1.5895683010192288e-08 22.122338241454347 0.4548932  0.02284889 0.63939964
1.6467082419522125e-08 22.070228509287745 0.43991946 0.02291938 0.59544466
1.6663523872156867e-08 22.03491835664604 0.44537305 0.02103761 0.62675899
1.6968416735821125e-08 21.958475154946477 0.19928524 0.02145947 0.73848923
1.7231140008399776e-08 21.933009949571012 0.46175084 0.02291612 0.60146682
1.7251992994587687e-08 21.91380105416583 0.44308412 0.02105102 0.6303326 
1.7177861382465388e-08 21.910388946500156 0.26770933 0.02102981 0.75044351
1.7732725431740488e-08 21.750049406826587 0.39686791 0.02288551 0.60208331
1.8822908966343334e-08 21.630509395860543 0.42662281 0.02254938 0.58070154
1.984732337345683e-08 21.498656999384814 0.37214047 0.02225181 0.59114564
2.1170654061416305e-08 21.33374650556657 0.30328414 0.02086805 0.67220237
2.220352334188598e-08 21.26549936530776 0.34759994 0.02311802 0.69014287
2.2561161436851973e-08 21.229608331783446 0.39173187 0.02190943 0.58499124
2.293513302914234e-08 21.160376048526967 0.32153544 0.02256101 0.74043334
2.3558967339127437e-08 21.082617261999513 0.38354947 0.02133051 0.60121767
2.377955149201166e-08 21.082540955246984 0.19689779 0.02239106 0.76477266
2.3630843281418797e-08 21.067935613903636 0.23593674 0.02296397 0.7330618 
2.3751493128979947e-08 21.022599404845927 0.39879506 0.02114813 0.67154344
2.3857480618807706e-08 21.010087248364943 0.27082944 0.02240434 0.64850255
2.4057150297514502e-08 20.949893639547955 0.26722171 0.02264549 0.6591759 
2.423929125653627e-08 20.939675444053215 0.31248218 0.02112555 0.64273261
2.416367147090686e-08 20.922614034283683 0.43037249 0.02279843 0.65197902
2.4550307788853593e-08 20.837252234726787 0.27582383 0.02302895 0.7338304 
2.48378105439752e-08 20.835331533760986 0.20360973 0.02238231 0.73095961
2.4889231841776495e-08 20.789441113922226 0.43725817 0.02221409 0.57660435
2.5089988345473407e-08 20.76321835992771 0.29721511 0.02092941 0.71336548
2.5042147803394922e-08 20.757192689288402 0.31135945 0.02245591 0.62529848
2.5034896989247442e-08 20.72470279104566 0.2033999  0.02190605 0.78295853
2.5787911341131816e-08 20.600642583277846 0.46676765 0.02185483 0.64413688
2.632608219005647e-08 20.600360572815912 0.31152798 0.021093   0.72356032
2.6131110140446493e-08 20.590587597177798 0.24931564 0.02255592 0.77288783
2.605896622306846e-08 20.571650784168433 0.30654652 0.02152259 0.6306443 
2.6028372271172022e-08 20.555473033646855 0.21067988 0.02233966 0.7173237 
2.6084736517208128e-08 20.523293579188188 0.23796617 0.02266385 0.6926734 
2.6215241015955243e-08 20.495675121378028 0.45062444 0.02280485 0.61087044
2.646977818458698e-08 20.445066350458312 0.3288428  0.02099087 0.65149199
2.662688520105632e-08 20.43190414248202 0.45024731 0.02250427 0.58417238
2.6486254225974e-08 20.42642926733639 0.25050905 0.02115921 0.74915253
2.6504679535447125e-08 20.38948799730899 0.34390946 0.02305592 0.6891986 
2.654073765789688e-08 20.381028233851 0.37460693 0.02097468 0.65783785
2.6386828347671398e-08 20.372949339669173 0.21046761 0.02231625 0.77833774
2.6575456563741773e-08 20.313172810020262 0.42951625 0.02257148 0.59040663
2.7008927867338806e-08 20.268236309228666 0.49242815 0.02248093 0.5961898 
2.722240268827946e-08 20.241715839247323 0.43064173 0.02225531 0.66765177
2.728739470535397e-08 20.21887388612977 0.43833998 0.02218214 0.66278777
2.719495740608944e-08 20.215423970663235 0.24662916 0.02243908 0.6756576 
2.6977756735947832e-08 20.21114881860633 0.31909585 0.02106052 0.71233351
2.6790757688974942e-08 20.20345071500427 0.45589173 0.02132066 0.60442057
2.6729517718813722e-08 20.180559501762147 0.30667949 0.02101543 0.66422033
2.6705856574261056e-08 20.16714876629487 0.20701827 0.02245696 0.75371552
2.6706318827896587e-08 20.140753549519932 0.24450827 0.02122479 0.75177449
2.677140620589059e-08 20.11759066880393 0.48820251 0.02164213 0.61352374
2.673529462368711e-08 20.106300283017532 0.24244808 0.02120535 0.74796349
2.6923556974777746e-08 20.05010005111805 0.40510197 0.02288745 0.61910281
2.703296030781533e-08 20.049883185098768 0.22441376 0.02268615 0.72479355
2.700549288477364e-08 20.01452137952666 0.48988363 0.02215561 0.57850489
2.719736002213894e-08 19.981741370810678 0.26745873 0.02219154 0.65400172
2.7706214737494328e-08 19.901248235148294 0.32577058 0.02254865 0.62554956
2.8033326419746808e-08 19.894187301406067 0.23674043 0.02126014 0.74848405
2.78496251843855e-08 19.887743964325256 0.29427069 0.02289269 0.662129  
2.8075167105904114e-08 19.822646692611887 0.23637591 0.02197941 0.68315325
2.836967486911662e-08 19.80570748185809 0.47642513 0.02184182 0.5803629 
2.833941353123444e-08 19.787121674506917 0.28364687 0.02115386 0.67074855
2.839800553176282e-08 19.757709612565446 0.4259182  0.02251396 0.66081855
2.8706724015447954e-08 19.704318665444873 0.33773574 0.02148725 0.72160596
2.8860468309161194e-08 19.696194631302795 0.38831634 0.0215505  0.6891885 
2.8711886972480905e-08 19.685170534965994 0.44531175 0.02134639 0.62881086
2.8613971439059027e-08 19.670071043213518 0.33693748 0.02305556 0.67614247
2.8746836458365755e-08 19.627041690237302 0.39395575 0.02113918 0.62845687
2.8911023669126293e-08 19.607306013459752 0.31711096 0.02154873 0.73572732
2.924811322645821e-08 19.541366744518417 0.27215619 0.02190949 0.65270902
2.95042903000265e-08 19.532089494068856 0.3592199  0.02252517 0.61281695
2.9405074349118325e-08 19.51506461463977 0.26257711 0.02274713 0.74913832
2.939268282428471e-08 19.493993425152375 0.28996847 0.02301214 0.70710065
2.9273219563352713e-08 19.49149924913575 0.31443246 0.02298886 0.66496862
2.993440511277327e-08 19.366793348262853 0.22829121 0.02220109 0.77535499
3.097685492259316e-08 19.313186225316684 0.47079489 0.02241784 0.61789193
3.1129711405819803e-08 19.30694807019413 0.47485127 0.02223092 0.58738939
3.1581959370047255e-08 19.21670458602107 0.23838571 0.02190385 0.68650645
3.219410760387931e-08 19.18943225676052 0.48129652 0.02223832 0.592579  
3.288735535213481e-08 19.092759164151904 0.37977553 0.02156935 0.69153223
3.3634292977693645e-08 19.05877550469094 0.25972589 0.02154316 0.67451392
3.3765779045602234e-08 19.03726466253383 0.31086249 0.02146012 0.64054436
3.3619311700659455e-08 19.036305179016157 0.39865392 0.02220789 0.59677049
3.3408691253953305e-08 19.02262490390623 0.26718097 0.02227873 0.66206468
3.328810077184833e-08 19.010961802845582 0.30498406 0.02252185 0.64198719
3.3212806696295545e-08 18.991909763547966 0.31581778 0.02269005 0.72403424
3.308047735019405e-08 18.9870869951862 0.22221382 0.0215335  0.73826828
3.3018103114769233e-08 18.959748198007507 0.42961964 0.02269046 0.61906   
3.3686017107888e-08 18.86813394751216 0.38684106 0.02117667 0.6402279 
3.4222658861457824e-08 18.85569661240724 0.38844545 0.02277707 0.62507872
3.39974875354443e-08 18.854718762242612 0.33172509 0.02294815 0.66193165
3.372869591757456e-08 18.847651971642783 0.22796194 0.02187499 0.70445764
3.383048059521362e-08 18.803106417800596 0.30988864 0.02106895 0.68514746
3.4133699150675706e-08 18.77203151084175 0.40238027 0.02160492 0.67352462
3.416692001117267e-08 18.759313473260914 0.46622    0.02166412 0.60779422
3.450868791677548e-08 18.69294773046051 0.24902547 0.02195518 0.67907311
3.50552493197614e-08 18.656272741645836 0.29748812 0.02286537 0.67274562
3.582460919934294e-08 18.5671326550367 0.24531077 0.02159586 0.75936008
3.636474756446007e-08 18.555635711245717 0.4533825  0.02245807 0.61424198
3.615373392643197e-08 18.55059637870102 0.21961567 0.02215701 0.72497422
3.5941148482259464e-08 18.53943636842791 0.37943646 0.02211944 0.60481129
3.628342909055421e-08 18.473411171086372 0.32272185 0.02121782 0.65460856
3.6612944304769085e-08 18.462941019916773 0.39010089 0.02185665 0.68562783
3.64409934002657e-08 18.452439985157152 0.41672163 0.02225283 0.66448421
3.627630511311611e-08 18.441259764591592 0.22173183 0.02175043 0.72861264
3.603063128091119e-08 18.439804625154416 0.37998371 0.02208149 0.693468  
3.580661602326486e-08 18.426427601095526 0.22537398 0.022244   0.7606393 
3.560848750103121e-08 18.42217782749426 0.40934587 0.02199334 0.67204039
3.603659507266211e-08 18.33967116037142 0.36749543 0.02162153 0.69609449
3.6510262643027846e-08 18.3293053272077 0.27073766 0.02256025 0.67419673
3.634518122921787e-08 18.317999423919545 0.34807907 0.02161239 0.70897192
3.635721606161896e-08 18.288274189036347 0.44800226 0.02228219 0.63408405
3.652881359235562e-08 18.259357524644123 0.35774492 0.02234125 0.61729687
3.6727059056091485e-08 18.22685073100345 0.42529168 0.0216089  0.64902475
3.670101475813377e-08 18.222264276086797 0.26899795 0.02221311 0.66569674
3.673311282056916e-08 18.183735532489514 0.28310019 0.02273975 0.7277145 
3.740886094717759e-08 18.110040252941303 0.24784984 0.02163288 0.69340838
3.7823106290636335e-08 18.099219635615725 0.21964625 0.02198225 0.73873687
3.796485719692383e-08 18.055500300338934 0.38193047 0.02271764 0.66450624
3.8017673893928756e-08 18.053618905466614 0.32596186 0.02149051 0.71671961
3.767665298654886e-08 18.051741117749973 0.35514205 0.02149015 0.62681451
3.754585042904484e-08 18.02779980604539 0.27185473 0.02265848 0.68326554
3.798211648907646e-08 17.96613320969397 0.4345507  0.02247629 0.62776366
3.844825098945514e-08 17.93882526307482 0.25255505 0.0226462  0.71032206
3.852544835953447e-08 17.918268246000515 0.4298559  0.02160753 0.63916883
3.836680051892558e-08 17.915478102999657 0.24816021 0.02169095 0.75552778
3.8517842794449324e-08 17.863092699195633 0.24908066 0.02256648 0.70706367
3.8877209269820845e-08 17.83826435258768 0.29025576 0.02279013 0.68381801
3.894633078193218e-08 17.816169878382407 0.29250035 0.02200044 0.7443636 
3.882718520606894e-08 17.810661456245743 0.30036697 0.02150077 0.6555008 
3.866670789921294e-08 17.792970611286197 0.23249685 0.02233541 0.74805267
3.888980449734909e-08 17.748060512373648 0.43444624 0.0221281  0.64387915
3.915222305592901e-08 17.726077255093635 0.31275559 0.02124695 0.66894776
3.9266697436402203e-08 17.696628931620655 0.38522012 0.0214215  0.62759688
3.9193641536944755e-08 17.693617618528123 0.45348621 0.02210877 0.61303864
3.901147145348144e-08 17.675502634597812 0.37078979 0.02241556 0.68819559
3.8987043410714584e-08 17.656326728491827 0.38323625 0.02152493 0.67414829
3.8804711388795613e-08 17.65440662335143 0.32522314 0.0224578  0.71734826
3.845757414739539e-08 17.652469426612665 0.41992064 0.02222585 0.6542327 
3.823087041066482e-08 17.638279393593894 0.26101673 0.02138299 0.70496571
3.799068287725097e-08 17.637852448272227 0.30562732 0.02198459 0.73594645
3.765056091293897e-08 17.634451852907116 0.26705977 0.02225228 0.75164176
3.7719063388301316e-08 17.591014427569743 0.3073031  0.02176272 0.64475953
3.779319102676063e-08 17.586563846789396 0.2361335  0.02173295 0.7151989 
3.752553092747658e-08 17.57964632482839 0.36721936 0.02265635 0.6354071 
3.747878383897108e-08 17.551839265062267 0.24557302 0.02209307 0.6947503 
3.7407611188543385e-08 17.547354131261578 0.35380359 0.02278091 0.65795496
3.734197697423965e-08 17.51915923333179 0.25532968 0.0214193  0.71595254
3.7705171390841685e-08 17.469050589777595 0.23040035 0.02198595 0.74925443
3.828968374513403e-08 17.417838884403054 0.4340637  0.02169961 0.62526319
3.8960461140845185e-08 17.35987418319196 0.25109456 0.02248306 0.73888581
3.921203426439493e-08 17.351880050609477 0.30339269 0.02277789 0.69773694
3.905662962129712e-08 17.335980716893133 0.27584776 0.02258476 0.68323711
3.8890133917841354e-08 17.329141147512946 0.28156361 0.02238739 0.66759939
3.881189717507937e-08 17.304305700703086 0.38620124 0.02263973 0.65173484
3.867743151877114e-08 17.303145144280858 0.25039472 0.02195037 0.69176739
3.8413834526458574e-08 17.291874472223103 0.33073524 0.02141133 0.64927485
3.856158363271554e-08 17.24821077495732 0.42281544 0.02163131 0.62914747
3.864130472902245e-08 17.243576575845875 0.43837759 0.02183512 0.62115714
3.848594601874312e-08 17.22456649530141 0.4351544  0.02180715 0.61764456
3.8364178559132843e-08 17.21641423504478 0.33171448 0.02250335 0.64227025
3.8175269887323954e-08 17.20451956335602 0.28632406 0.02237711 0.73681397
3.7929212331584107e-08 17.20246108274235 0.35979265 0.02134386 0.64922133
3.763007043426445e-08 17.19639476131875 0.23132739 0.02195405 0.73247656
3.7379950566094114e-08 17.18933737235757 0.31565335 0.02239917 0.64656539
3.7174535118460285e-08 17.17864347700964 0.4045843  0.0223511  0.65778015
3.695081487589288e-08 17.173669991671307 0.32082982 0.02174572 0.6410378 
3.6731537824235203e-08 17.162662101650533 0.25925413 0.02254005 0.70326789
3.679662563863235e-08 17.126931428296437 0.38782739 0.02143012 0.64636123
3.6773487708918985e-08 17.125217576511304 0.43160844 0.02213528 0.63575518
3.664800096614279e-08 17.10087683578991 0.27770443 0.02204249 0.66675906
3.6643300984072114e-08 17.08588331459946 0.34875379 0.02134397 0.6534578 
3.646279458537475e-08 17.0808034925626 0.37202963 0.02247626 0.62838891
3.625919827948872e-08 17.06849498117574 0.39404357 0.02203385 0.61287212
3.623201042485718e-08 17.044058278438065 0.31297485 0.02157363 0.65207483
3.6127697920167225e-08 17.04015358969162 0.35950287 0.02269825 0.6597258 
3.603416422477842e-08 17.014705327916534 0.37115784 0.02150079 0.63352654
3.627213411307603e-08 16.974147740259294 0.4199437  0.02235568 0.6281762 
3.646671820530313e-08 16.953351559420124 0.27099777 0.02238049 0.73915435
3.6369719389162545e-08 16.944955054026735 0.33315242 0.02273074 0.67666883
3.630599413885875e-08 16.920630137949356 0.37152586 0.02155074 0.63139307
3.6194722426809114e-08 16.91735925188277 0.41781442 0.02234614 0.62550333
3.6403290055026435e-08 16.85828039900976 0.32442758 0.02266483 0.66261028
3.665235355731117e-08 16.849856578753784 0.27910869 0.02239449 0.73497302
3.647270993512857e-08 16.838140705020578 0.40476566 0.02187375 0.61541271
3.6691268581445866e-08 16.786473750602863 0.27943305 0.02233978 0.67358694
3.68195134629443e-08 16.784049847663415 0.34386313 0.02177663 0.63316029
3.696936273458686e-08 16.730780095995183 0.28796529 0.02190893 0.66283262
3.742930266920731e-08 16.694600024716184 0.3444208  0.02255754 0.646717  
3.7515540539078154e-08 16.68163069541035 0.31094409 0.02246169 0.71578639
3.747043392379762e-08 16.65965034040575 0.27883914 0.02155388 0.72719347
3.73873129824377e-08 16.650662164713637 0.31483633 0.02190966 0.72216636
3.72652167715224e-08 16.63296230492297 0.2620409  0.02243581 0.70044858
3.706127811212385e-08 16.632772315057224 0.40069295 0.02185033 0.659005  
3.684620793848551e-08 16.61647418015706 0.27519029 0.02259104 0.70739694
3.672606845420099e-08 16.606015034269515 0.31601546 0.0217216  0.71758027
3.656320283857585e-08 16.594453759480956 0.29569914 0.02264748 0.68771307
3.6418216528977275e-08 16.582109028783066 0.33031107 0.02267272 0.67044023
3.623655469084375e-08 16.574643139013755 0.30814362 0.02177879 0.72313824
3.598301851093064e-08 16.570388154171404 0.32409695 0.02149256 0.65642569
3.598651185107812e-08 16.534611235608367 0.35039669 0.02229056 0.6337803 
3.6126497735662076e-08 16.51494554488228 0.26173212 0.02157043 0.71068719
3.596729590971851e-08 16.512428468997463 0.33698831 0.02255928 0.69122962
3.569023127152822e-08 16.50608071076525 0.421016   0.02194805 0.63157749
3.544156669349198e-08 16.500592616942193 0.27969297 0.02255264 0.69257752
3.519082087842127e-08 16.49468020638482 0.30370917 0.02262442 0.70252156
3.531436714420574e-08 16.447052055191005 0.41615544 0.02211954 0.63880054
3.540854211090812e-08 16.44394369746985 0.31227547 0.0216776  0.65477839
3.5136616970866784e-08 16.438090959292005 0.2550636  0.02224623 0.70265166
3.513247794372107e-08 16.404748277637378 0.37234153 0.02167865 0.67477299
3.5108103705986644e-08 16.40092858065081 0.30296258 0.02174081 0.65895628
3.482397225538456e-08 16.39745052696612 0.30020791 0.02227929 0.66026198
3.4526598298070444e-08 16.395430316816345 0.33529263 0.02251043 0.69437105
3.4252174034468124e-08 16.389572798231796 0.29175207 0.02160478 0.72244403
3.3983440207566637e-08 16.387132188776857 0.36382269 0.0221845  0.68655688
3.383333465715839e-08 16.367525997625442 0.39900871 0.02170479 0.63163972
3.3738144721968626e-08 16.358562701108834 0.30607164 0.02140263 0.68651269
3.348418230293846e-08 16.357938403755366 0.34907637 0.02144158 0.65861316
3.324674470514859e-08 16.347240827957343 0.25910947 0.02204077 0.74066275
3.302788418655099e-08 16.344542400497033 0.32120008 0.0218769  0.715156  
3.291654439417135e-08 16.32101490494597 0.28337862 0.02235411 0.6766449 
3.297600138897098e-08 16.297522209468468 0.28478532 0.02237569 0.72667456
3.339470331872746e-08 16.231225031444797 0.36921839 0.02161229 0.67063893
3.3699234549251286e-08 16.220873613526877 0.30459725 0.02182007 0.6579082 
3.359216097742606e-08 16.204174722273628 0.36479718 0.02251058 0.64890213
3.3424735618557895e-08 16.20102476283917 0.37986986 0.02238928 0.66238993
3.327006481785323e-08 16.182965624996992 0.34189327 0.02258456 0.66319856
3.354322475854336e-08 16.12884140017968 0.3822626  0.02242824 0.64836155
3.381426299469926e-08 16.110648318574707 0.37683724 0.02190677 0.67376698
3.3782595857293255e-08 16.092786349139764 0.2873593  0.0215466  0.71345228
3.3653621237869126e-08 16.086113037937626 0.33792633 0.02171123 0.64493835
3.339280345451474e-08 16.084100980194382 0.29246417 0.02186712 0.66695757
3.311510290644091e-08 16.079717417842506 0.2532712  0.02221982 0.72203129
3.2865664140173646e-08 16.074544558993463 0.28886149 0.02179519 0.7271074 
3.260312334713405e-08 16.07199507275968 0.28031471 0.02153105 0.70395702
3.232330553811946e-08 16.069221737484977 0.32320359 0.02240115 0.70395459
3.213230645832331e-08 16.05592109323358 0.30627121 0.02233783 0.66221569
3.207472160400373e-08 16.036619767446403 0.31828348 0.0223147  0.65446835
3.191783837456638e-08 16.03568603429004 0.37777071 0.02169508 0.66415417
3.165614747631637e-08 16.029753484064358 0.376682   0.02228376 0.63345331
3.152000335069302e-08 16.013154717248483 0.31214554 0.02145985 0.68916176
3.138235625477381e-08 16.007427976391273 0.38977302 0.0220961  0.66097663
3.112704492990483e-08 16.00602465690582 0.3636452  0.02154546 0.6566388 
3.088602036576608e-08 15.998726612494263 0.30680871 0.02188405 0.71974587
3.0660755099240984e-08 15.995498637852457 0.2697687  0.02179684 0.69108317
3.045240324432709e-08 15.986209117389711 0.39775598 0.02210385 0.62939368
3.022725704189441e-08 15.985370003320526 0.35072366 0.02178601 0.68995971
2.995077547967654e-08 15.983163721141883 0.34678055 0.0220647  0.63745018
2.9758600415111382e-08 15.971333712684006 0.29300266 0.02237893 0.67494089
2.9637647213036575e-08 15.959653004150319 0.37752124 0.02215655 0.67058089
2.946040363406346e-08 15.955510705139476 0.2687868  0.02164011 0.71005788
2.92621768991008e-08 15.94686416419017 0.37616116 0.02163798 0.65732509
2.9072319224472426e-08 15.941740514744247 0.28930057 0.02161535 0.68175576
2.883012320165577e-08 15.940522572916525 0.38423081 0.02217817 0.63081252
2.8747161071036244e-08 15.913556970236542 0.37861325 0.02209683 0.6698364 
2.8899148158991314e-08 15.879681391053408 0.35965774 0.02158155 0.65165571
2.886779096116446e-08 15.877955157579123 0.34754327 0.02246523 0.65328843
2.8594348145762435e-08 15.877949267048924 0.35319482 0.02158308 0.6514805 
2.8330040060440296e-08 15.875300123847918 0.32766077 0.02181773 0.70506598
2.8088456388664575e-08 15.872404277205018 0.38123895 0.02167754 0.64762775
2.804020751821447e-08 15.842486532407888 0.35081576 0.02205033 0.6375861 
2.8001699078090295e-08 15.837990690424485 0.37840837 0.02218638 0.63320697
2.7796349934439615e-08 15.8321288772885 0.29353902 0.02164164 0.7148694 
2.7604635987324137e-08 15.825873904814484 0.35968727 0.02164533 0.67346593
2.7436389626583944e-08 15.816787018110308 0.27065192 0.02199872 0.73145527
2.730958348619451e-08 15.804610939199527 0.32021283 0.02157723 0.66509842
2.7275029231892793e-08 15.782094856326324 0.35768747 0.02188191 0.6842799 
2.7161614748096066e-08 15.781413699858323 0.26042031 0.02182987 0.71159689
2.7063270207280886e-08 15.756877878939447 0.39172293 0.02185356 0.64851462
2.697172873100998e-08 15.755090454587734 0.30490484 0.02252359 0.69070829
2.6773485578772752e-08 15.746593898791486 0.26794372 0.02187938 0.69564693
2.6600397904253574e-08 15.741227224337504 0.32140132 0.02162542 0.69906166
2.6469508227601257e-08 15.726546861888778 0.3275672  0.02251602 0.68269544
2.637856782140325e-08 15.715181436796641 0.37278786 0.02222443 0.66870558
2.6331702657136308e-08 15.693898882123941 0.28053888 0.02237973 0.7145851 
2.6225206494400126e-08 15.691534631030853 0.3548257  0.022039   0.68643313
2.6046517198461785e-08 15.681457416723045 0.30797534 0.02245932 0.67531376
2.588244676608859e-08 15.676999316430843 0.35533937 0.02176864 0.64266414
2.5813057061641224e-08 15.65246706277679 0.39219302 0.02212556 0.64175689
2.5720601849103256e-08 15.651475497177916 0.26777256 0.02181738 0.72269374
2.5528886529085538e-08 15.642602190607887 0.2797553  0.02235262 0.69376008
2.5341188254691967e-08 15.641182783039337 0.31357321 0.02233306 0.70644262
2.5139921662101647e-08 15.634701782384973 0.37653969 0.02191593 0.63569631
2.496661476275237e-08 15.629050458057199 0.38591203 0.0221881  0.64005899
2.476461774456935e-08 15.627391180190601 0.30197362 0.02218327 0.66612205
2.4535967119701976e-08 15.626352300942 0.36155685 0.02162862 0.65927814
2.432971046534595e-08 15.62136015832293 0.28039411 0.02188324 0.68351373
2.4168959519695324e-08 15.613072891351107 0.38610199 0.02220934 0.64415455
2.3990711441079722e-08 15.611160360178292 0.28757902 0.02241398 0.70819751
2.379345468689826e-08 15.606298874762519 0.31350919 0.0218112  0.70979346
2.361417269456077e-08 15.60161266762936 0.30861287 0.02248581 0.68210638
2.3418661011631695e-08 15.599750783650842 0.32949071 0.02156359 0.68377467
2.3244144635163712e-08 15.591738643220683 0.31737737 0.02159923 0.66955992
2.3189354300494438e-08 15.569443369182776 0.32594378 0.02236049 0.65937215
2.3193763866600523e-08 15.55115643981949 0.32043819 0.02156516 0.67397491
2.3075654527824008e-08 15.550021599278109 0.38528829 0.02213686 0.65317996
2.290223692902634e-08 15.541538179241016 0.31899214 0.02187271 0.65649545
2.2762286787962508e-08 15.534735105368373 0.30194128 0.02157832 0.69629242
2.258263901414367e-08 15.533425894222033 0.35442519 0.02169036 0.67488334
2.2433648203414222e-08 15.521429326022265 0.31940818 0.02155529 0.68239876
2.2431786330744614e-08 15.494032396720732 0.37761774 0.02214476 0.66137179
2.248489818015181e-08 15.472134493810907 0.35136949 0.02162822 0.66183144
2.2457212389672566e-08 15.459120562899617 0.37716542 0.02200672 0.63855151
2.2371996110654252e-08 15.447536071394762 0.3537823  0.02174056 0.64880988
2.2257729141959687e-08 15.439792670095297 0.34527941 0.02201743 0.64475823
2.2118496057325124e-08 15.43283387122089 0.38300956 0.02189748 0.64654222
2.200484254206127e-08 15.42061052774347 0.31610625 0.02162162 0.69424529
2.187049790445598e-08 15.417510847392986 0.30839245 0.02159345 0.68362405
2.1681660730265524e-08 15.41549581244508 0.36923878 0.02191177 0.66880822
2.147845673754876e-08 15.415374438317793 0.37597118 0.02219699 0.64455195
2.1279905711705106e-08 15.412844035374478 0.36443089 0.02218316 0.64272392
2.1155247145942012e-08 15.399097004671649 0.29639601 0.0222444  0.7140129 
2.1038591683947076e-08 15.395139112609595 0.31336743 0.02243409 0.67781571
2.0886095390768916e-08 15.38839862320841 0.32180308 0.02170924 0.69741786
2.0743333676997637e-08 15.382770943880265 0.28815593 0.02220553 0.68177413
2.057099513489959e-08 15.381964806234572 0.31522618 0.02243707 0.69018247
2.041029311710285e-08 15.374347760866723 0.30657288 0.02233509 0.67302177
2.0275725182695895e-08 15.368620216870779 0.36560405 0.02206645 0.67223581
2.0126202107262663e-08 15.364152084933899 0.30517278 0.02160776 0.687454  
1.9963585738927574e-08 15.361268047925508 0.35818333 0.02201032 0.67877549
1.9785393427399952e-08 15.360213625639783 0.27258742 0.02223004 0.70834872
1.9640357933832887e-08 15.35090714097029 0.28675055 0.02205078 0.72039412
1.9521262932516674e-08 15.344735234230626 0.28738694 0.02208904 0.71978576
1.936245031144744e-08 15.343775726247898 0.3643229  0.02174983 0.6627463 
1.9189171246586735e-08 15.340892903209262 0.31282613 0.02221986 0.70642111
1.9051542522368938e-08 15.332773810978235 0.35083516 0.02235725 0.67088849
1.8901425821705744e-08 15.332726184430246 0.31385504 0.02206624 0.7084992 
1.8731977066484984e-08 15.328995397118895 0.28286278 0.02228027 0.69327662
1.856430327824256e-08 15.328889158090991 0.30669294 0.02242153 0.68472545
1.8393331942485763e-08 15.326204387866468 0.29085281 0.02171461 0.70876404
1.824168806644366e-08 15.322203640977174 0.35813188 0.02171139 0.6648981 
1.8114771058096154e-08 15.314336168240795 0.28454595 0.02231944 0.6961819 
1.7984805075338544e-08 15.311197600185519 0.37098889 0.02182133 0.65886111
1.7861721095985282e-08 15.30201336585125 0.33997181 0.02238577 0.6635878 
1.774077412089299e-08 15.29856451504854 0.31616767 0.0223515  0.66965499
1.761531645814858e-08 15.290605817465005 0.29100074 0.02218556 0.68031432
1.7486072114574783e-08 15.28821235817277 0.28953943 0.02235284 0.69561159
1.737809560511094e-08 15.27560024103759 0.31592295 0.02238521 0.67369495
1.7268078135827088e-08 15.273795308148047 0.33106624 0.02238573 0.66662975
1.713921397803987e-08 15.265768761101322 0.31992146 0.02164461 0.68960072
1.7007433684164582e-08 15.264860151457826 0.27107493 0.02195673 0.71600408
1.685210549065725e-08 15.262667615757467 0.32651929 0.02180303 0.6965411 
1.6766381680752665e-08 15.245494343414624 0.37789355 0.02199752 0.64850179
1.6724347205961815e-08 15.232890153076305 0.35768711 0.02211431 0.64567254
1.662933719218835e-08 15.228464162349049 0.29864398 0.02166027 0.69339924
1.6505668963791948e-08 15.22294834720188 0.32432707 0.02236856 0.66903309
1.6366740223524163e-08 15.22246968467231 0.27157504 0.0219896  0.71487948
1.621774719148853e-08 15.219728303241595 0.29396346 0.02181368 0.68068005
1.6097538077574154e-08 15.21243328360718 0.31179791 0.02164397 0.68142348
1.5972538637344785e-08 15.211102282627323 0.31034915 0.02234193 0.67497053
1.5838994175541532e-08 15.20621882829144 0.32857015 0.0217111  0.66394842
1.5718509402138033e-08 15.201844068886272 0.33621619 0.02170189 0.66217014
1.5639235029528317e-08 15.186668451885133 0.28645512 0.02196606 0.68444598
1.556405451608651e-08 15.181292630335749 0.35127831 0.02178191 0.67489061
1.5439238954243095e-08 15.179071352667666 0.37441843 0.02196689 0.65416025
1.5300510514588704e-08 15.177595194724914 0.34871618 0.02189131 0.68165549
1.5187152662324245e-08 15.169024315122762 0.31801879 0.02239154 0.67906851
1.5076250690957133e-08 15.167101739350015 0.32956822 0.02213    0.69579041
1.494076962952001e-08 15.165330964327902 0.35925978 0.02193207 0.67306351
1.4800485936275425e-08 15.165034752181903 0.35989415 0.02198224 0.64610561
1.46592723202387e-08 15.163877619829474 0.33815253 0.02235444 0.66551087
1.4520081185503165e-08 15.163395120364283 0.30292527 0.02194977 0.67105037
1.4418346861887718e-08 15.152216357555847 0.33928114 0.02179337 0.65621914
1.4319458563264153e-08 15.151106859302535 0.32345635 0.02193242 0.65897809
1.4215466939955537e-08 15.141581254521864 0.36609135 0.02194734 0.64731926
1.4113117256164495e-08 15.140198137614762 0.30087133 0.02202754 0.6725645 
1.3978259000789014e-08 15.140185582883465 0.3003085  0.02169852 0.68640927
1.3858611922813983e-08 15.134785879499262 0.37143652 0.02204214 0.65852599
1.3775295095040697e-08 15.124514049909385 0.35447597 0.02219768 0.65137623
1.3689138798701969e-08 15.120070025246694 0.28758541 0.02203152 0.68450815
1.3577598049841273e-08 15.117437114754845 0.35426625 0.02226347 0.66862807
1.345490102974248e-08 15.116579142891204 0.34919328 0.02213519 0.65028791
1.3332718155557462e-08 15.11412606134707 0.30403436 0.02235056 0.69535352
1.3217962732746515e-08 15.11135526068858 0.33119753 0.02172609 0.6644278 
1.3118429056807452e-08 15.104564254142126 0.36592825 0.02217904 0.65547496
1.3029878155991238e-08 15.09864455198242 0.30572471 0.02231865 0.67996054
1.2929367089516322e-08 15.09573479856043 0.31538899 0.0221369  0.70296096
1.281444390384893e-08 15.094555455601709 0.34323485 0.02213876 0.68456236
1.2697713390337374e-08 15.09253795194636 0.31668323 0.02187516 0.66477517
1.2606784939725126e-08 15.083510901122398 0.34096147 0.02176461 0.65934181
1.2523976897601735e-08 15.079089675960537 0.34136839 0.02226933 0.68007155
1.2419985158793872e-08 15.077059958282799 0.29234061 0.02208085 0.68124338
1.2336813099763251e-08 15.066179252900053 0.35888066 0.02222966 0.65879747
1.2260326187612674e-08 15.062122658803567 0.33483528 0.02194315 0.65524415
1.2170798174695674e-08 15.05569721614208 0.35630231 0.02184397 0.65364708
1.2089432901336744e-08 15.049152461536321 0.31525839 0.02235651 0.68137732
1.1990593077772198e-08 15.04872786071576 0.31031415 0.02201381 0.6676419 
1.18746224398063e-08 15.048226656234531 0.29239978 0.02222845 0.70722998
1.1796121552101532e-08 15.035477860159414 0.36126495 0.02199648 0.64959064
1.1738164669939999e-08 15.028113094710738 0.31790113 0.02221633 0.66707681
1.165784483344937e-08 15.023137416133093 0.28253018 0.02218641 0.7042788 
1.1567500476691463e-08 15.019429781541032 0.29351549 0.02211577 0.71095867
1.1465092306265619e-08 15.018904471278681 0.34869862 0.02176499 0.66306641
1.1354592382320315e-08 15.018367220264485 0.29840282 0.02176472 0.70168776
1.126467871253933e-08 15.010910959880597 0.3240178  0.02204898 0.6605844 
1.1184478164008393e-08 15.007141178783547 0.34740964 0.0218683  0.65444669
1.111547210846854e-08 14.995879383385617 0.31351115 0.02169975 0.68366784
1.1039028608496288e-08 14.994928006199919 0.32236583 0.02172048 0.68680672
1.0943533035455779e-08 14.990833471248484 0.32093894 0.02183659 0.66572605
1.0847315045472905e-08 14.990449018850361 0.35234357 0.02209163 0.67539934
1.0742323310731433e-08 14.989936959218225 0.34824483 0.02199279 0.6795794 
1.0652585695809906e-08 14.984206718396207 0.29675279 0.02200811 0.71026242
1.056250842907036e-08 14.984098974098975 0.3328734  0.02228434 0.68267541
1.046304933740235e-08 14.982249224817867 0.28633387 0.02213693 0.69194817
1.0365614814758904e-08 14.981720774894486 0.35992467 0.02217138 0.65944042
1.0275202315757285e-08 14.977492542314959 0.33278522 0.02218127 0.65977419
1.0199440741562144e-08 14.971523912836158 0.30458873 0.0218325  0.6769046 
1.0115619865483534e-08 14.970695407554578 0.29737907 0.02175347 0.69285125
1.0021327208043418e-08 14.96918362039583 0.34895088 0.02224627 0.66920391
9.92787583308547e-09 14.968369887999032 0.31556252 0.02213218 0.66708714
9.843500595153052e-09 14.963525714442904 0.28071449 0.0219692  0.70042007
9.771058155407855e-09 14.95811581993226 0.35153888 0.02215665 0.6548938 
9.7026198122595e-09 14.951840990349226 0.32247998 0.02232728 0.67844221
9.625128957201481e-09 14.9503844582075 0.32868739 0.02208878 0.69299995
9.53592809887452e-09 14.94928238520081 0.28248027 0.02212473 0.70098195
9.45450311327226e-09 14.944887087397968 0.31829786 0.02174973 0.67399293
9.373899039087688e-09 14.943726890412917 0.36259317 0.02208578 0.65695916
9.284923283253908e-09 14.94323441323755 0.35334678 0.02221292 0.66297854
9.19920360670662e-09 14.941026212249943 0.30578045 0.02173888 0.69299809
9.121947638942102e-09 14.937168650930698 0.36206929 0.02196193 0.6610276 
9.05028926426901e-09 14.932771917484084 0.31924909 0.02219216 0.66755709
8.981969318612776e-09 14.92767839937534 0.28995319 0.02190027 0.70782495
8.908285996724551e-09 14.925916956119636 0.29007453 0.02216274 0.69055708
8.827295942728028e-09 14.924409460273615 0.30919166 0.02176029 0.6800318 
8.745730180592592e-09 14.923248039477848 0.33341795 0.02178561 0.66507019
8.667525986056342e-09 14.920537707416553 0.28925119 0.02208755 0.68886487
8.597804566161703e-09 14.91575469352233 0.36047083 0.02193672 0.65960735
8.5262344842855e-09 14.914170107967546 0.29850189 0.02209952 0.70733858
8.445168044132787e-09 14.914166542291516 0.32605862 0.02207121 0.6941683 
8.36335095750803e-09 14.913309955043514 0.35145754 0.02209597 0.65434076
8.283355046062493e-09 14.912809534049813 0.32523528 0.02174148 0.6834051 
8.220434639462606e-09 14.904018267551761 0.3051514  0.02183656 0.67817093
8.157833021030054e-09 14.903576618059313 0.34185196 0.02183564 0.67820562
8.080995755330098e-09 14.902071085383417 0.2845509  0.02195812 0.69661218
8.006908390459936e-09 14.900616812250558 0.35279412 0.02186138 0.66720996
7.937251189557461e-09 14.897221739675702 0.30802953 0.0218335  0.67630936
7.868065588245663e-09 14.895833412802757 0.29614855 0.02224857 0.69580049
7.796850514441006e-09 14.893790155648162 0.3505882  0.02190038 0.65654271
7.723787848570833e-09 14.893691465901723 0.29951679 0.02222994 0.68556508
7.648115008925749e-09 14.89337158081428 0.32162156 0.02207814 0.66436587
7.577330189624822e-09 14.89108395797261 0.31251369 0.02173761 0.68675332
7.510491128947454e-09 14.889010379041812 0.30782176 0.02187779 0.67478469
7.448656095387709e-09 14.884353743878416 0.35330759 0.0218645  0.66458149
7.383567638954373e-09 14.884313083398128 0.30384894 0.02180367 0.69883755
7.314327123488067e-09 14.882240546491738 0.33503616 0.02193698 0.65905268
7.247693507891943e-09 14.881118432374537 0.29406112 0.02217656 0.70415138
7.17820043256282e-09 14.880977331757215 0.33369342 0.02207189 0.65911055
7.113654862386498e-09 14.877448896427152 0.29945994 0.02225169 0.69643894
7.053591168584678e-09 14.875092283658002 0.30514137 0.02225229 0.69657595
6.988299096411075e-09 14.874845606248766 0.32114661 0.02173964 0.68197784
6.92035554843227e-09 14.874371159366719 0.3077244  0.02217674 0.67580405
6.862612183460754e-09 14.868564445926104 0.35495498 0.02189256 0.66214032
6.809678879961852e-09 14.865539521625049 0.34070286 0.02220784 0.66218543
6.751397855291285e-09 14.86314426286823 0.35310747 0.02191405 0.65773425
6.693827541634648e-09 14.859993656987266 0.30902656 0.02181077 0.67818741
6.63418701106641e-09 14.859140627278693 0.33982195 0.0219336  0.68249223
6.572098404486108e-09 14.857804292084543 0.3040147  0.0222357  0.68314956
6.511118492700303e-09 14.856626935590418 0.34207869 0.02200453 0.65675119
6.4535806930446326e-09 14.853508530787872 0.28779805 0.02209951 0.69439917
6.406129185015611e-09 14.846350424401443 0.3179146  0.02199157 0.66714576
6.358422883249562e-09 14.843601127264916 0.31963179 0.02176936 0.68715768
6.303241878215269e-09 14.841413903677521 0.3563331  0.022096   0.66212746
6.245344137828255e-09 14.840710614452384 0.32314559 0.02208686 0.69419413
6.1860273498062755e-09 14.839785236282689 0.3163987  0.02214371 0.69683771
6.133218991400766e-09 14.835205255742157 0.29065837 0.02204012 0.70681206
6.085118738441594e-09 14.831477002389656 0.33625378 0.02185171 0.66305352
6.032603660815422e-09 14.830072591221771 0.35390455 0.02208269 0.65797837
5.977325629038935e-09 14.828497556072739 0.30226076 0.02179638 0.68833429
5.922665999578218e-09 14.827017485203578 0.30946602 0.02214952 0.69970734
5.866687225114274e-09 14.82668224344299 0.31335291 0.02176358 0.68290296
5.810705567826805e-09 14.825568758381927 0.31149481 0.02194096 0.67217384
5.757867616908641e-09 14.823420553773317 0.34387546 0.02220006 0.66393479
5.70461646130299e-09 14.822932680799022 0.3030095  0.02186475 0.70082087
5.649203920615769e-09 14.822663674896424 0.30611691 0.02190034 0.70127696
5.596252874275126e-09 14.820801350051878 0.31634901 0.02211846 0.6970549 
5.544878199671714e-09 14.819752413138723 0.31303606 0.02203759 0.69983392
5.49405323209109e-09 14.817833861246216 0.30919309 0.0218696  0.67611196
5.442359295966366e-09 14.817765093399688 0.31598451 0.0218713  0.6715223 
5.3913437082062434e-09 14.815705110068993 0.30365392 0.02191315 0.7023479 
5.3411401275842405e-09 14.815385304905817 0.31722839 0.02221262 0.69262917
5.290487683229679e-09 14.814018831092318 0.34379763 0.02209116 0.6780547 
5.241706093429941e-09 14.812637568885691 0.28856672 0.0219855  0.69410427
5.201156986935928e-09 14.805287771083067 0.30470592 0.02181307 0.6843466 
5.160399248668082e-09 14.80429820765233 0.33176707 0.02223729 0.68012074
5.114471338225369e-09 14.801247134483718 0.34492545 0.02184585 0.66625242
5.0710589005574065e-09 14.798594148220825 0.34092437 0.02202899 0.65864408
5.0296836269433705e-09 14.794217593620727 0.33380672 0.02197903 0.68616122
4.99315455403342e-09 14.787952136416854 0.32438757 0.02181207 0.68607813
4.958163180666684e-09 14.782545175663072 0.33013529 0.02212755 0.68721693
4.91661239311352e-09 14.781809587448663 0.31865435 0.02177596 0.68250149
4.8721453332313695e-09 14.779086292069609 0.3010175  0.02207688 0.70319593
4.832569433793925e-09 14.774634055505688 0.31819264 0.0218301  0.69075691
4.790479541138242e-09 14.774273629904775 0.31486611 0.02202605 0.67057108
4.74655572086196e-09 14.771678660610663 0.2998144  0.02209839 0.68292753
4.704995979644409e-09 14.769649279866988 0.29811107 0.02217774 0.69836492
4.662816617609575e-09 14.767898120218735 0.30312016 0.02217316 0.68313178
4.6186829153547425e-09 14.767888008080321 0.30096117 0.02192412 0.70186948
4.573781095122969e-09 14.767174241513077 0.31976588 0.02224952 0.68495677
4.529308630655817e-09 14.767170333990247 0.29044728 0.02195164 0.69553733
4.485935709058461e-09 14.7658619446853 0.35120635 0.02208206 0.66149992
4.4435547099598695e-09 14.765338583049509 0.34083009 0.02183966 0.67050055
4.400245822316367e-09 14.76523762193259 0.31987322 0.0219758  0.69460021
4.357881847943521e-09 14.764234517935833 0.28912299 0.02201865 0.70137554
4.316078908213212e-09 14.7639913588359 0.33887923 0.02220525 0.66833326
4.273651515783791e-09 14.763948036258993 0.32560226 0.02179382 0.67527094
4.2317783907804955e-09 14.76357521123096 0.31891554 0.02180377 0.68730876
4.191862048782692e-09 14.76205614307909 0.29207756 0.02191557 0.69889496
4.152992834360415e-09 14.76103692535386 0.31513985 0.0218506  0.69317118
4.116416624811622e-09 14.757640953734505 0.29312441 0.02192484 0.70089184
4.079193561344907e-09 14.757569046220622 0.31189068 0.02220628 0.67847804
4.042012983028368e-09 14.75446675805652 0.30081378 0.02212013 0.70124218
4.008026223505272e-09 14.751543285940711 0.34659948 0.02192397 0.67131247
3.9724016564291295e-09 14.750376710501856 0.33713541 0.02214075 0.68014561
3.93849495571195e-09 14.74603296546956 0.29132133 0.02208316 0.69548425
3.903994436487137e-09 14.745766701144513 0.3507358  0.02197626 0.66232826
3.865631265256577e-09 14.745732617782759 0.32360317 0.02195705 0.66697715
3.829829653813869e-09 14.743184876825874 0.34295091 0.02206014 0.66042669
3.797172786409682e-09 14.740185763909853 0.29321138 0.02203472 0.69076372
3.762880640929587e-09 14.739670439335427 0.30786811 0.02222738 0.68925986
3.7286227874953605e-09 14.736968729226543 0.3353536  0.02201427 0.68355881
3.696077711796947e-09 14.734935760638386 0.33064343 0.02189169 0.66618284
3.6616774903277193e-09 14.734570131404347 0.33464855 0.02184068 0.66905857
3.6258161398853966e-09 14.734502293486988 0.34689581 0.0219811  0.66089801
3.5911157766025725e-09 14.733234806271087 0.34598947 0.02204098 0.67345729
3.556883112224793e-09 14.733014072965306 0.33296655 0.02184566 0.67949628
3.522872849666729e-09 14.731864937334896 0.31139283 0.02202496 0.67394751
3.4893392456391824e-09 14.731470271244111 0.30958779 0.02181237 0.68581545
3.455213629774089e-09 14.731376007652306 0.31498091 0.02213472 0.67348215
3.4265829900391776e-09 14.724957039347151 0.32985367 0.02181585 0.67520624
3.3996571968851788e-09 14.723125751921417 0.32728788 0.02183649 0.67151851
3.3693018713194376e-09 14.72103200084939 0.31803522 0.02181357 0.68603748
3.3384686272198735e-09 14.720097413934088 0.30232129 0.02217788 0.69552141
3.310348553753266e-09 14.715068609002845 0.34516326 0.02212302 0.66532629
3.2824582382578065e-09 14.714136568084824 0.33477751 0.02184    0.67444145
3.2510356368941783e-09 14.713743202286473 0.32674457 0.02194795 0.66663027
3.2193704897806827e-09 14.713486284426718 0.30506194 0.02205384 0.70018456
3.1887157221725647e-09 14.712212471736404 0.34321588 0.02194217 0.66290006
3.1581842675549692e-09 14.712168667328305 0.33214696 0.02189985 0.66620773
3.128052198570633e-09 14.710758410735643 0.29822478 0.02204139 0.68592646
3.0989966454765975e-09 14.709695691343791 0.34399116 0.02195252 0.67344934
3.0695111567256625e-09 14.709197296273715 0.3226437  0.02181461 0.67761717
3.0396633348197978e-09 14.708980552445675 0.30045412 0.02194469 0.70024446
3.01066448540396e-09 14.70773996134372 0.30726992 0.02194474 0.69850659
2.982555271976339e-09 14.706700798645054 0.33828235 0.02217465 0.66904894
2.955105185103888e-09 14.70492354199416 0.32234812 0.02213625 0.67025299
2.928808833408599e-09 14.70265351249377 0.30521333 0.02218627 0.6860901 
2.9028131531136873e-09 14.700783928477174 0.32126104 0.02215792 0.67192222
2.8773407704048286e-09 14.698107829746906 0.33629647 0.02192129 0.67965609
2.852957621544099e-09 14.695024122016855 0.29362931 0.02198281 0.69836664
2.8269905627088573e-09 14.69487923105368 0.34571367 0.02198484 0.67117194
2.799500025780254e-09 14.694310442098255 0.34015264 0.02193734 0.66397788
2.7724308321570673e-09 14.693943271687965 0.30136456 0.02196188 0.69994087
2.745381202365755e-09 14.69372732866808 0.3433123  0.02206342 0.6628382 
2.7188518832496312e-09 14.692983001315676 0.33805389 0.02217093 0.67072028
2.6924718396258243e-09 14.692926009521342 0.34716871 0.02199245 0.66424588
2.6663150512862857e-09 14.69223086839114 0.30154979 0.02216568 0.68970938
2.640973657770181e-09 14.691323647084511 0.30702583 0.02219297 0.69128121
2.6158473907476927e-09 14.690667751483685 0.30185686 0.02216198 0.68864316
2.590439332779142e-09 14.690564699788418 0.30489033 0.02215837 0.6843269 
2.5659817011425895e-09 14.688812222606046 0.33183334 0.02219807 0.67524037
2.5426558996916642e-09 14.687291163083568 0.32629686 0.02191947 0.68706062
2.519373018736503e-09 14.685807269481083 0.33013715 0.02207457 0.68544803
2.4968832959937877e-09 14.683357498442922 0.33771059 0.02193175 0.6649319 
2.473773498269175e-09 14.683199421341707 0.34655455 0.02204659 0.6648791 
2.4509082984764202e-09 14.68070106018649 0.31312059 0.02183188 0.68673455
2.4302579530982852e-09 14.677243950321081 0.32138423 0.02209155 0.67033163
2.4085294645315095e-09 14.676822363770683 0.30020171 0.02203092 0.699991  
2.3856359263864358e-09 14.675645401740477 0.30200094 0.02196514 0.68405022
2.3635450562958063e-09 14.674233477004421 0.34151013 0.02199014 0.66355292
2.3412256897297963e-09 14.673796025791411 0.3045808  0.02213795 0.68416892
2.3184758321352368e-09 14.673490502908352 0.34016628 0.02193319 0.67486736
2.2960355772509674e-09 14.672898843335213 0.33634761 0.02203294 0.68046516
2.2738937160049806e-09 14.672450433686643 0.34588617 0.02199221 0.66827067
2.2520975224729894e-09 14.6716241452687 0.33130707 0.02218976 0.67509285
2.230660415129207e-09 14.670906378359057 0.33380167 0.02217815 0.67266728
2.210190287418681e-09 14.66869967488164 0.33142004 0.0220879  0.68356478
2.1897007991477954e-09 14.66835926724353 0.31262846 0.02220127 0.68645191
2.1682072101633343e-09 14.668355366775794 0.33851821 0.02209331 0.67703952
2.148667692679409e-09 14.664770284100813 0.30329309 0.02201587 0.69902316
2.1296107681751626e-09 14.664187467858836 0.33795786 0.02204847 0.67848099
2.1095748604661323e-09 14.662780309024692 0.31050733 0.02218377 0.68338183
2.0902822647617827e-09 14.661135545043196 0.32578825 0.02199072 0.68802475
2.07102848025054e-09 14.659993920437236 0.32309786 0.0218712  0.67362114
2.0515666670295692e-09 14.659100579091927 0.31687753 0.02192531 0.67415376
2.0320132940066067e-09 14.658499170779967 0.31557857 0.02198555 0.67364676
2.012252211276638e-09 14.658389108471205 0.32499011 0.02205386 0.66858553
1.992607277897966e-09 14.657940378277194 0.33711498 0.0220288  0.66448291
1.9735701731039224e-09 14.656987065109705 0.32111954 0.02216681 0.68675758
1.9545964940433103e-09 14.65678053841229 0.33960662 0.0219202  0.67312542
1.9353910623587238e-09 14.656683216561943 0.33784109 0.0219288  0.67620372
1.9163281224215816e-09 14.656573162180587 0.32277457 0.02184127 0.68107688
1.897897616390938e-09 14.65553867708173 0.3272103  0.02194747 0.66844333
1.8798735241719967e-09 14.65494077223827 0.31179218 0.02209693 0.67712357
1.8616643522497624e-09 14.654671716216267 0.30799575 0.02214689 0.68253691
1.8433729835692277e-09 14.65463489573647 0.31642479 0.02186777 0.68874994
1.8255001029454706e-09 14.653842703887861 0.31455059 0.02219129 0.68183876
1.8079610827444933e-09 14.653450480303567 0.3042629  0.02207365 0.69771335
1.7903585727464126e-09 14.653176638403966 0.32851671 0.02207862 0.68538566
1.7727979153046095e-09 14.653076661266637 0.30977721 0.02207143 0.67808702
1.756249094859801e-09 14.650890722708356 0.30995477 0.02209285 0.6785393 
1.740379073998366e-09 14.649584516231062 0.3209065  0.02188754 0.68750322
1.7239118785216475e-09 14.649116780290653 0.31283594 0.02193468 0.67687219
1.7084700239714288e-09 14.645775797545957 0.32739344 0.02201848 0.66780892
1.693043366573159e-09 14.645596182204809 0.31269087 0.02198756 0.69488794
1.677650368304518e-09 14.642509636411402 0.30074219 0.02206963 0.69742899
1.6623505737282637e-09 14.642440129093698 0.32771637 0.02200395 0.68612584
1.6459503355389024e-09 14.642367033319216 0.34050445 0.02197604 0.67408681
1.6300009888609264e-09 14.641588110846847 0.32037738 0.02218835 0.67883369
1.6142519267552118e-09 14.641401539882885 0.32612363 0.02199119 0.66863618
1.598373764419325e-09 14.641326507744562 0.2998839  0.02193517 0.69457952
1.5827821263262712e-09 14.6408105574433 0.30738089 0.02207153 0.68052129
1.5675090684308438e-09 14.640310619236681 0.33320361 0.02201791 0.66606519
1.5529078002465986e-09 14.638444059059768 0.31538568 0.02214908 0.69009747
1.5389022938570148e-09 14.636748449827856 0.30321425 0.02190125 0.69046432
1.5245234864390678e-09 14.636192305908788 0.30234417 0.02211624 0.69458077
1.5101839860195137e-09 14.634748967644079 0.30295673 0.02193816 0.69568514
1.4958695144661357e-09 14.634486073342785 0.31193283 0.02202753 0.67674276
1.4819119350097745e-09 14.632446358685696 0.29972683 0.02209673 0.69305616
1.4683246603392012e-09 14.63152848729982 0.32780921 0.02208581 0.68486486
1.454147197342119e-09 14.631454746186144 0.31956488 0.02188579 0.68717253
1.4403900632404574e-09 14.6297501502771 0.29864531 0.02199672 0.6908213 
1.4268603249832079e-09 14.629403077158806 0.33529652 0.02210793 0.67733362
1.4129094841275887e-09 14.629250459643877 0.29958947 0.02208963 0.69257142
1.398999515176448e-09 14.629176524156348 0.32942566 0.02216655 0.67730207
1.385913499198557e-09 14.627041148341638 0.33035415 0.02214664 0.6792984 
1.373429677821365e-09 14.625568751532468 0.30757922 0.02214877 0.69107614
1.360547247881194e-09 14.624935680138691 0.32323174 0.02205745 0.67065708
1.3474044300601832e-09 14.62459503077661 0.33866799 0.02193643 0.67004455
1.3344646734666886e-09 14.62373395339217 0.32934612 0.02200169 0.6841768 
1.3216309013743746e-09 14.623448474761739 0.31874543 0.02191581 0.68903148
1.3088332363272367e-09 14.622854360927835 0.33418679 0.02192454 0.67756735
1.2961770722868762e-09 14.62251457206034 0.32289165 0.02199998 0.67073163
1.2836724278189589e-09 14.62182973870615 0.32492919 0.02187919 0.67482858
1.2712556339282077e-09 14.62159301313074 0.29831356 0.02202082 0.69447994
1.2587987434933597e-09 14.62141726072279 0.34035226 0.02205269 0.66745676
1.246508624408808e-09 14.621037084611569 0.31806135 0.02190453 0.67609591
1.2344055889600055e-09 14.620643911076858 0.30254068 0.02200326 0.68573802
1.2223886746068296e-09 14.620366452402191 0.30340573 0.02197746 0.69630081
1.2110071550216225e-09 14.618261138454491 0.3079137  0.02198934 0.68072128
1.1997462886267358e-09 14.617933646815164 0.33813313 0.02206443 0.67517822
