8.543970051971233e-36 150.87913974665184 0.47320928 0.02021235 0.85821787
5.201002093940044e-28 115.0106265488992 0.47885605 0.0210651  0.82641886
2.5186371145444515e-27 112.29328091504883 0.39133029 0.02260372 0.88478704
1.0510263648355855e-26 109.37701949226704 0.14161907 0.0237946  0.54806725
3.4498520308360373e-26 107.12292058056586 0.1545811  0.02061826 0.53072261
6.916814153297063e-26 106.08403873955655 0.42243232 0.02220016 0.85718657
6.847533640520663e-25 100.67506117854894 0.47756973 0.02321298 0.80590178
4.1900736191107896e-24 97.23175089534828 0.10375794 0.0221708  0.58274458
9.762009082683652e-24 96.08555401524883 0.42006954 0.021331   0.84275706
1.2442017459897556e-23 96.05968757006104 0.12864046 0.02314949 0.5695907 
1.5454337678019724e-23 95.25819443906255 0.43674296 0.02104909 0.82752422
2.7462754519018347e-23 93.87491661235485 0.33988616 0.02090307 0.89075499
5.164138599387601e-23 92.64426141088029 0.32783928 0.02091814 0.89801916
6.831508686158317e-23 92.53108656632214 0.35948495 0.0220518  0.88314861
7.382173774520629e-23 92.29947080421695 0.47767842 0.02327071 0.7933314 
1.1553853087346194e-22 90.92456440682508 0.15011963 0.02369895 0.57470089
1.794478703199204e-20 80.00753025135243 0.14503787 0.02152263 0.57692   
9.30349021926804e-20 77.10962121576028 0.23928752 0.02182404 0.51199761
3.884204948504905e-19 74.23616632226151 0.23646647 0.02270041 0.52260859
1.1055406318163907e-18 72.35768332384555 0.40464091 0.02283207 0.81585294
2.223715342837922e-18 71.15373298471675 0.10598851 0.02235789 0.64584421
5.50100315811376e-18 69.04717115554607 0.15419692 0.02270684 0.59546503
2.2309691184321912e-17 66.02801707809682 0.34892218 0.02034142 0.82295936
4.6546407324300147e-17 65.12211502356769 0.28277026 0.02083197 0.88108174
6.105509878353156e-17 64.81311431008864 0.43844354 0.02222694 0.78598482
9.412165502645779e-17 63.53878918704229 0.2167151  0.02398109 0.89372845
1.4685235543230964e-16 62.8528399960448 0.46717603 0.02369812 0.73964162
1.8909871367597018e-16 62.44940298410057 0.24580741 0.0238891  0.57378251
2.475902569283106e-16 61.7718210978815 0.20765327 0.02035762 0.59357072
3.156562322459573e-16 61.39837741367951 0.44966939 0.02048448 0.75186736
4.677681119061281e-16 60.29234146819948 0.23590543 0.02020618 0.88078048
6.767143028525209e-16 59.765111678145104 0.16751068 0.02187617 0.60012164
7.974312317060135e-16 59.566249435394866 0.35967942 0.0236561  0.516328  
1.1725816443126516e-15 58.357901813173115 0.24139255 0.02101998 0.55791419
1.5790029201804404e-15 58.16113982408723 0.21176528 0.02009838 0.61307129
2.1791747346414562e-15 57.150893466395225 0.10599674 0.02122221 0.70409671
3.953365916887643e-15 55.827616169880045 0.24681485 0.0230269  0.88959384
5.977659778892953e-15 55.27965733132292 0.47484538 0.022002   0.74648952
8.735288505495805e-15 54.34195136349737 0.15165102 0.02011941 0.88368137
1.0657280273831989e-14 54.335452804996926 0.45028566 0.02011722 0.72108851
1.2137860038683462e-14 53.81549903257071 0.29510588 0.02004307 0.57413315
1.5222147794315417e-14 53.37993244666336 0.35923835 0.02236124 0.81614441
1.7887374835190598e-14 53.115395966780156 0.21592095 0.02190767 0.57628013
1.913783069140279e-14 53.06146602025323 0.13947354 0.02062991 0.68463186
2.0184679223810797e-14 52.86693236662983 0.27351567 0.0223547  0.54249675
2.2086354975982972e-14 52.66203707507303 0.13547648 0.02345048 0.69564235
6.301578656510594e-14 49.6615550337081 0.13982254 0.02337616 0.69735263
1.0915340802434855e-13 49.3999383719725 0.22384354 0.02135769 0.89487601
1.2036374984870223e-13 49.2259315921066 0.1289381  0.02370198 0.75608089
1.2887313554045745e-13 49.08557515868792 0.10027624 0.02309494 0.84824486
3.4404487197433246e-13 46.210680407111255 0.31319578 0.02212213 0.83312212
5.915856529479875e-13 45.93251397857362 0.22754482 0.02286054 0.87984067
7.231620430950493e-13 45.394042432297915 0.12709268 0.02342642 0.85228885
8.405141743686033e-13 45.25738947148368 0.11962555 0.02075051 0.77365616
9.13788498895178e-13 45.02435055948553 0.41668634 0.02120875 0.75411453
9.938241138922747e-13 44.8776487664151 0.42213166 0.02097412 0.51234915
1.030140599816583e-12 44.83849000146421 0.34378271 0.02262723 0.53134797
1.1460033941606385e-12 44.431939573215125 0.1058637  0.02126719 0.85013138
1.4547224079032978e-12 43.86409670914625 0.17468135 0.02309581 0.88869679
1.7727000394012629e-12 43.57187685878603 0.23484719 0.02227548 0.87741427
1.9347152739476616e-12 43.46522705532145 0.11507288 0.02308132 0.83652603
2.2701765931758637e-12 42.92714679094945 0.25671543 0.02394097 0.63260032
2.5773484819812784e-12 42.88198390792844 0.46825364 0.02245831 0.72205817
2.686664168659203e-12 42.72405080934384 0.48052922 0.02316776 0.7005749 
2.7869623959141513e-12 42.69258165285933 0.30944403 0.0227462  0.55358539
2.7888086301346034e-12 42.68149213243718 0.43496802 0.02385866 0.6976239 
2.908111616328878e-12 42.4897986926463 0.46852431 0.02120794 0.50035762
3.0562759754980153e-12 42.43865331398277 0.28212333 0.02216492 0.56182346
3.0829258044162943e-12 42.41501261987963 0.43402265 0.02043664 0.53473507
3.114556391590903e-12 42.35835281252194 0.22374023 0.02012479 0.66126947
3.227581484286728e-12 42.234152489052136 0.39146394 0.02354413 0.74146931
3.732548093521625e-12 41.762888620565846 0.3168985  0.02384407 0.77211114
4.268278795501093e-12 41.63230694401714 0.27095405 0.02393921 0.62813712
5.2774288634233365e-12 40.932882918170215 0.39850218 0.02135571 0.75825321
6.687978018500698e-12 40.59816351086971 0.28091051 0.02166744 0.56862153
7.667700883870587e-12 40.3405614881755 0.26927131 0.0219805  0.84788435
8.207384143220343e-12 40.27848497878646 0.11030381 0.02246178 0.81271713
8.627356579293079e-12 40.10444782832087 0.48411058 0.0239895  0.64050809
9.281083839863352e-12 39.94588015029572 0.15262925 0.02363809 0.78438837
9.605354198916207e-12 39.92419379519593 0.21032266 0.02388378 0.81067057
9.586926245998676e-12 39.91371516956704 0.32281984 0.02360774 0.58384532
9.777142018170533e-12 39.80720895297471 0.17172923 0.02384889 0.76835166
1.0357903262085805e-11 39.64497470187987 0.11476993 0.02243764 0.84756209
1.0829727353195873e-11 39.58636764207901 0.22488096 0.02083588 0.62795074
1.0995623976075935e-11 39.54415680960885 0.21483438 0.02362144 0.83172019
1.1026373301611658e-11 39.53518325791306 0.39896106 0.02354641 0.55211398
1.1550797847554922e-11 39.32405650388811 0.31736088 0.0223472  0.81203981
1.2296819190331932e-11 39.24034415519604 0.20901382 0.02335364 0.8489253 
1.3363827750418801e-11 38.960328351109595 0.29459765 0.02176035 0.82671671
1.4513979685339293e-11 38.861722327147305 0.32934149 0.02388957 0.60350917
1.5539373641465927e-11 38.65176076405401 0.18427274 0.02295979 0.66213026
1.7042373160431357e-11 38.452091484451266 0.30224261 0.02282901 0.81244426
1.82777423686384e-11 38.32894817069538 0.19258651 0.02191032 0.63858792
2.1886830828100205e-11 37.733715850791135 0.14260711 0.02305676 0.74365244
2.6034919835038146e-11 37.554807027384626 0.19148352 0.02071439 0.84708208
2.7645699537822302e-11 37.45113231496458 0.46648603 0.02386622 0.65054179
2.9532330068260794e-11 37.254434927639835 0.21673413 0.02388758 0.78947621
3.803993423481441e-11 36.47027002973082 0.34193996 0.0231659  0.77081233
5.2114571409586355e-11 35.91714628152694 0.32217841 0.02375709 0.61023568
5.938285039425691e-11 35.87037663261986 0.30611587 0.02383806 0.75238404
6.025648282430119e-11 35.818982916333546 0.3691477  0.02383166 0.712515  
6.338335239735722e-11 35.63223843448186 0.23233481 0.02006388 0.71542261
6.810785687858026e-11 35.489794408782515 0.3866177  0.02340567 0.56379139
7.054819740550696e-11 35.44929221649636 0.48668993 0.02176491 0.69303496
7.618634244756003e-11 35.1531930365274 0.45066574 0.02330055 0.54135221
8.39957540349831e-11 35.01074142185782 0.17202779 0.02051027 0.75754118
1.015329837714634e-10 34.39898530959238 0.37699875 0.02264049 0.54665113
1.1820170242186845e-10 34.317142669365566 0.37316741 0.02108087 0.74992592
1.2080688582037907e-10 34.27140514011284 0.27451784 0.02029725 0.64618943
1.2212242295720785e-10 34.23393249276289 0.24379479 0.02115668 0.83285235
1.2625728647387756e-10 34.10046353588323 0.48998102 0.02030519 0.62245273
1.350192521131253e-10 33.92727075217849 0.15131669 0.02103913 0.82761378
1.4416148010448007e-10 33.79696911759187 0.27152076 0.02016065 0.75084059
1.5207411424117103e-10 33.67351651605302 0.2591901  0.02031539 0.66008865
1.5947476510389274e-10 33.56662039995106 0.46744346 0.02378572 0.62688142
1.6637185832043195e-10 33.46423834781891 0.15930569 0.02096947 0.74041105
1.7198915000095005e-10 33.39331371394084 0.40950532 0.02028537 0.67754077
1.7955616455969846e-10 33.25400693631609 0.42494134 0.02135824 0.53535488
2.0526807303207258e-10 32.83742551399142 0.22968182 0.02203391 0.84781548
2.263598711046323e-10 32.801476603207576 0.29431189 0.02058061 0.77323059
2.3135155027415974e-10 32.711231259735506 0.28124018 0.0223441  0.8162392 
2.50665767758707e-10 32.448548306103476 0.46387194 0.02340448 0.55574719
2.748896468859145e-10 32.29669542179875 0.44348569 0.02023802 0.62222819
3.3982501539611625e-10 31.615368296855536 0.23374589 0.02294832 0.82509617
3.955900961575595e-10 31.59142738403115 0.35821074 0.02016291 0.67751193
4.0102295201238824e-10 31.521545341734218 0.22950634 0.0205309  0.68144146
4.2761812090290147e-10 31.300284505467154 0.17854606 0.02330515 0.74680776
4.672538409827288e-10 31.124902763800517 0.31396892 0.02371158 0.63846216
5.010671405280386e-10 30.979801051544282 0.29003787 0.02017066 0.69120018
5.266884613880158e-10 30.884137577553403 0.14838204 0.02143451 0.76441269
5.479574382775598e-10 30.781811007075962 0.38052459 0.02089587 0.72591527
5.627925756362015e-10 30.736430902646433 0.48350135 0.0209839  0.54117156
5.90852474839689e-10 30.55140895172864 0.41233409 0.02030411 0.61713515
6.182911627943778e-10 30.510983766843932 0.15950986 0.02111974 0.76174192
6.264611986590176e-10 30.45922874993523 0.4673034  0.02295223 0.67530447
6.812286472763334e-10 30.147720416782455 0.31812459 0.02284721 0.59005429
7.403963411964258e-10 30.074823644979183 0.32189258 0.02313931 0.5990988 
7.791587899934148e-10 29.90667134926797 0.17775121 0.02113304 0.82445848
8.080479864071106e-10 29.885916477974725 0.45077691 0.02239069 0.69669046
8.161829047536207e-10 29.827179294292343 0.31195195 0.02065378 0.61876328
8.502022293868914e-10 29.68487176704132 0.47726189 0.02333312 0.56439385
9.689231596857247e-10 29.282233368095525 0.27364856 0.02093946 0.78842649
1.08290344280481e-09 29.18125129711195 0.16043354 0.02214126 0.83687594
1.1642196861726566e-09 28.957775886519002 0.23537974 0.02318919 0.66574843
1.2171307220723952e-09 28.95742995100412 0.45940055 0.0226769  0.68266183
1.250701724676624e-09 28.8117910895696 0.4965401  0.02139077 0.53319011
1.4658678941617904e-09 28.31124404785883 0.32888169 0.02039401 0.70587788
1.6775987058163077e-09 28.202565179715982 0.25691643 0.02039516 0.71794592
1.7376963935283364e-09 28.12984002054356 0.46555871 0.02346988 0.61511002
1.7563265899734163e-09 28.119459687893748 0.21118361 0.02140988 0.66931005
1.887359844894758e-09 27.813869159278372 0.34119906 0.02228892 0.76177882
2.0223737078348106e-09 27.791686098899806 0.26954294 0.02098835 0.78579681
2.0259188270642218e-09 27.767076369528674 0.32775574 0.02069772 0.73499899
2.0242504944040906e-09 27.75512226799566 0.2210784  0.02262274 0.66059301
2.1329706596852912e-09 27.524629654747972 0.43258389 0.02109549 0.68563699
2.2665562150703284e-09 27.466127913449675 0.23246255 0.02055252 0.74697946
2.2904417014697167e-09 27.442537749352937 0.4609083  0.02343638 0.60817179
2.28455953875138e-09 27.43654726608956 0.34021538 0.02056566 0.71345761
2.2843003442554405e-09 27.40332375918012 0.49158578 0.02325278 0.6211729 
2.328988495038669e-09 27.31997912278443 0.36045798 0.02042107 0.64425389
2.363478082455137e-09 27.30388559526191 0.17251002 0.02229707 0.72179805
2.4795219942598157e-09 27.09392721315799 0.34583558 0.02313219 0.60138287
2.7194568165597032e-09 26.894100306456046 0.2125524  0.02122354 0.68187965
3.0324271497549858e-09 26.622617691094465 0.33124294 0.02134488 0.75671515
3.217859491779527e-09 26.6077087963619 0.26138287 0.02257362 0.80128072
3.2965204353051263e-09 26.487975855979776 0.31156283 0.0235732  0.70598127
3.4931305939686875e-09 26.33723211540442 0.1655684  0.02157723 0.79852522
3.646671571312813e-09 26.273772117237822 0.22322248 0.02330664 0.71699486
3.6954703809533628e-09 26.243867223386605 0.33157205 0.02280974 0.59817403
3.753182902525037e-09 26.172509835205716 0.17689144 0.02250111 0.8134878 
4.315608569221597e-09 25.675670243987557 0.37222718 0.02255407 0.57708197
4.963220425025512e-09 25.544805801735965 0.31220377 0.02099046 0.75031017
5.426764237666167e-09 25.285006668591016 0.27817993 0.02157042 0.62287533
5.879956978651927e-09 25.177200476171098 0.24273167 0.02261832 0.65345152
6.041044058252385e-09 25.13585677203361 0.26889996 0.0217855  0.7960238 
6.100961196354958e-09 25.097887786193507 0.32455892 0.02072411 0.72119699
6.121804486028141e-09 25.08226347352242 0.18314723 0.02273687 0.74693813
6.102228411193581e-09 25.070883679182128 0.3415178  0.02144913 0.74615453
6.316628235903744e-09 24.907649547210674 0.3869014  0.0217779  0.72097667
6.5113631423426885e-09 24.906299764616907 0.21323497 0.02092905 0.7240388 
6.573917077132145e-09 24.83032532693845 0.19448421 0.02269114 0.80137083
6.779949165171054e-09 24.74328492829053 0.18624001 0.02178271 0.81408742
7.0746705789221754e-09 24.62123373910485 0.43091061 0.02221406 0.69106364
7.314538234998228e-09 24.56859606060942 0.42148686 0.02088128 0.6628825 
7.605372309671184e-09 24.42760643517835 0.38219089 0.02077341 0.61530605
7.881916923511672e-09 24.383686573570273 0.31216569 0.02297361 0.74787555
7.997632900905695e-09 24.329631344906055 0.24951797 0.02321841 0.68969434
8.060290718872638e-09 24.3123413245008 0.19483286 0.02267671 0.72178238
8.186209189505939e-09 24.228662626902924 0.24011519 0.02074928 0.72763526
8.338502064419539e-09 24.198051292478453 0.2487902  0.02229271 0.80125026
8.408725353421633e-09 24.155426051966813 0.22650636 0.02101956 0.69900895
8.420158324174409e-09 24.152588937091544 0.35487933 0.02111064 0.60288792
8.422040482343144e-09 24.114907188876696 0.4179953  0.02120429 0.57874128
8.508866163656557e-09 24.07181598312814 0.40182607 0.02297984 0.59033811
8.767261347072285e-09 23.956862194672677 0.26417436 0.02205668 0.79431619
9.331468911954351e-09 23.784599413987873 0.33796588 0.02305207 0.61873886
9.780569462204561e-09 23.725764319704147 0.27043434 0.02326646 0.73984778
1.0177214051588558e-08 23.587732165872357 0.26828309 0.02233715 0.78817746
1.0670162112155516e-08 23.495446530363772 0.35155926 0.02320309 0.62674412
1.0909213366454356e-08 23.45841205184462 0.49176941 0.02244762 0.64032791
1.0914885599974981e-08 23.453397653243954 0.29306182 0.0216179  0.77245979
1.0864800946135846e-08 23.437037904745942 0.32126065 0.0221215  0.75847872
1.0833339263808553e-08 23.425180229463244 0.3730667  0.02124235 0.59435169
1.0781778260507635e-08 23.41631218402612 0.32399762 0.0213393  0.74663963
1.0884543072149827e-08 23.348007420256387 0.2046312 0.0217991 0.6976208
1.1026352099450852e-08 23.32422107107326 0.40751674 0.02306811 0.67108007
1.1044531162607514e-08 23.30160994173015 0.46231481 0.02097485 0.61934731
1.1063582764971533e-08 23.277534315883813 0.24142893 0.02312486 0.70063373
1.1085835629791429e-08 23.25376939448053 0.4060959 0.0230566 0.600301 
1.1101071588821902e-08 23.232226730439184 0.39287213 0.02079071 0.65990445
1.1144327370506944e-08 23.198496398793683 0.45247078 0.02102211 0.59275552
1.1526117088009193e-08 23.05994275464275 0.30988775 0.02218325 0.76352266
1.2323941002386235e-08 22.892103027219616 0.41007623 0.02130145 0.68526799
1.2938669768622652e-08 22.822519631551472 0.29280747 0.0232411  0.66914099
1.314875703688103e-08 22.78742347512179 0.4942063  0.02265307 0.56836112
1.3352661333416424e-08 22.72155275288337 0.42530654 0.02244293 0.6826121 
1.3582256231932147e-08 22.679110822591962 0.38536855 0.02324875 0.63778752
1.3824278483128372e-08 22.611450070125798 0.41674511 0.02140789 0.5797893 
1.4097548291926237e-08 22.560760270667146 0.41332124 0.02297291 0.59812823
1.432983049214398e-08 22.506327880032977 0.35427759 0.02200079 0.73330216
1.448569097577462e-08 22.477421365282726 0.41675355 0.02284558 0.67282426
1.4971315745523798e-08 22.336987786537534 0.40628274 0.02290842 0.6757965 
1.5635178850783835e-08 22.262303160048592 0.20143749 0.02226685 0.71253094
1.5923854613950217e-08 22.2234981248351 0.35537592 0.02102551 0.61985127
1.6122385858451233e-08 22.17306965264135 0.37582072 0.02120991 0.60212117
1.6385785455193477e-08 22.11892345130069 0.20747677 0.02125318 0.74038608
1.6526346847498868e-08 22.098785883656383 0.2575248  0.02094164 0.69211405
1.6697472195910517e-08 22.03832257139666 0.35997083 0.02217619 0.59235029
1.695949740456774e-08 21.99646400138269 0.22812962 0.02133939 0.69313377
1.7690716740617235e-08 21.83280136964012 0.32462727 0.02077518 0.67738739
1.848169356160959e-08 21.778718316964408 0.23917871 0.02283037 0.69005464
1.9005236206548732e-08 21.68206670911606 0.40497706 0.02292715 0.67007626
1.9396192028488844e-08 21.656382957440886 0.22527241 0.02172803 0.68477962
1.947806449441156e-08 21.62545380449861 0.25435804 0.02117402 0.67743115
1.9571923353805153e-08 21.59733241886509 0.48183702 0.02141334 0.57843686
1.9533233636812997e-08 21.59347050793403 0.43646595 0.02270315 0.58527378
2.0076553108700236e-08 21.450347921648298 0.4182766  0.0228747  0.59978244
2.0600384495429775e-08 21.448081390322233 0.19201903 0.02212382 0.78030535
2.0763371854477227e-08 21.37960908299244 0.45141871 0.02255081 0.57815506
2.1411094632251854e-08 21.285916182649864 0.37204063 0.02087681 0.65449694
2.211921517741452e-08 21.209294510733155 0.4734992  0.02266037 0.62682297
2.2431366726599505e-08 21.189376300318855 0.28701675 0.02306171 0.67013596
2.2454238296141125e-08 21.165438800825413 0.28859394 0.02317463 0.7078587 
2.2426884338811206e-08 21.154394406023524 0.40005537 0.02297976 0.61496274
2.230391275044564e-08 21.14762120528899 0.43197508 0.02172622 0.57687771
2.2419838636179682e-08 21.09420757421756 0.21109763 0.02192294 0.70564577
2.2953672950719696e-08 21.014137632116782 0.36612202 0.02278156 0.70209203
2.3512924541931394e-08 20.957713707686974 0.44069039 0.02116376 0.63385091
2.3609371388414425e-08 20.95756446541284 0.19747853 0.02217292 0.77900143
2.3683524540076713e-08 20.905704895449272 0.44536934 0.0228884  0.61797835
2.4074489717804533e-08 20.852291102613446 0.35619624 0.02306025 0.63712326
2.4340582159045383e-08 20.821694995050592 0.2004327  0.02191529 0.72948402
2.5383583203782588e-08 20.648299328077776 0.30836226 0.02201383 0.62258987
2.62509941437634e-08 20.643734292024895 0.29106841 0.02095132 0.6786003 
2.6112879615529312e-08 20.629621081480956 0.42665474 0.02218668 0.57949674
2.6302670833636272e-08 20.575309489458387 0.42917413 0.02258108 0.66226499
2.6813032085041956e-08 20.513065108524263 0.27228404 0.0212759  0.75431972
2.7221298799329754e-08 20.474760612435535 0.23765733 0.02286385 0.74793269
2.7689558894424904e-08 20.40545792758398 0.22086185 0.02205474 0.78642521
2.8269605990901382e-08 20.351791649822342 0.25638242 0.02202214 0.77836776
2.8580737948516734e-08 20.321627307686185 0.38152076 0.02175817 0.70238933
2.8544397101867982e-08 20.316968602081907 0.39149704 0.02234252 0.5925858 
2.839121950834141e-08 20.303369361105077 0.21874485 0.02242421 0.77694343
2.8721531677394903e-08 20.23152080734748 0.21172569 0.0215225  0.76302709
2.9244670405602e-08 20.190927669069925 0.41906329 0.02180257 0.5845177 
3.051221782288122e-08 20.02522533279921 0.44383438 0.021492   0.64721315
3.1805244667838486e-08 19.981913592232203 0.32848459 0.02265748 0.72543324
3.2091574162876836e-08 19.949471859644635 0.23944188 0.02282645 0.74360934
3.2490048511337634e-08 19.89301774515164 0.3650221  0.02288455 0.62717047
3.2675920123214245e-08 19.88645923814009 0.22027415 0.02249266 0.76803318
3.3040154107562344e-08 19.809608478691075 0.27574561 0.02234441 0.76315625
3.34750067437129e-08 19.793649620326192 0.43416883 0.02180655 0.6622153 
3.421425479058565e-08 19.683907464733704 0.28459273 0.0212231  0.73835677
3.4841341625054074e-08 19.67969610327384 0.44996467 0.02165836 0.58659656
3.471943615852052e-08 19.658181819898832 0.38568296 0.0219397  0.69734256
3.4573830243980774e-08 19.656647638028428 0.36657691 0.02116104 0.68346156
3.4543011165745303e-08 19.6220966083139 0.48074496 0.02240957 0.6115357 
3.458620947371154e-08 19.61171143829263 0.29666296 0.02170564 0.75128687
3.4399815395157606e-08 19.603904759648668 0.41926132 0.02196039 0.58698663
3.497058368892019e-08 19.507246069516793 0.24927114 0.02275078 0.74991366
3.6419661893735266e-08 19.401916131698265 0.36524931 0.02131326 0.6931499 
3.7606919683569834e-08 19.338247686821237 0.37131808 0.02128168 0.68615966
3.7975750400555e-08 19.32259976365556 0.28234574 0.02112977 0.72548507
3.833820534253313e-08 19.260895193801396 0.40940604 0.02278157 0.65067723
3.8689934899739887e-08 19.245820698010093 0.22768325 0.02238509 0.70656713
3.8815285642876304e-08 19.208302840263883 0.36231711 0.02293482 0.67306055
3.882666633762167e-08 19.20467244238358 0.32210721 0.0215965  0.73137743
3.8710824909993064e-08 19.18052480924165 0.47563475 0.02238557 0.60623761
3.9058412979498316e-08 19.129369253580595 0.22578795 0.02145558 0.7449254 
4.0531477140763175e-08 18.99458445630505 0.23991591 0.02205043 0.77283392
4.168158125661146e-08 18.9754215971852 0.27820251 0.02112919 0.69264672
4.2047267509237176e-08 18.92017842458375 0.29655041 0.02159845 0.74420828
4.2247286646317406e-08 18.916257819321558 0.27652372 0.02239718 0.75526944
4.247521766278509e-08 18.859258632705853 0.39524717 0.0228037  0.65466236
4.2839940767812966e-08 18.841887830601532 0.42633191 0.02230858 0.59453799
4.2601267510014196e-08 18.84176701854959 0.27310097 0.02282275 0.73088566
4.218909956193393e-08 18.840975076292114 0.35394059 0.02117187 0.64201705
4.266171257937819e-08 18.758260866332986 0.25073561 0.02128645 0.71010628
4.3977968717745804e-08 18.679545314154623 0.35385403 0.02121037 0.63995956
4.4943257453564306e-08 18.63113026629722 0.29715037 0.02169622 0.64451694
4.504230662458804e-08 18.63064523844101 0.47735608 0.02203227 0.60674369
4.4723729192458545e-08 18.619735711235432 0.38763576 0.02245154 0.60815435
4.457890453307743e-08 18.60383448620308 0.28550253 0.02123082 0.67668899
4.4393231112903434e-08 18.596604312983658 0.22654888 0.02228979 0.76253926
4.4232854571503e-08 18.57854410500139 0.30674312 0.02165394 0.73762067
4.419965880725972e-08 18.559809130259183 0.4229423  0.02255737 0.64799845
4.397409239732427e-08 18.559164632404435 0.45617426 0.02230502 0.62855707
4.3580123407239525e-08 18.556006961675372 0.42677057 0.02170838 0.59782707
4.364899659993579e-08 18.513273790311423 0.2199444  0.02171623 0.73762454
4.380233394694802e-08 18.501966128782374 0.24903824 0.02247512 0.69048839
4.36389155685578e-08 18.48843055045907 0.44043399 0.02223259 0.5951262 
4.355393636096194e-08 18.469981349587606 0.34799193 0.02218876 0.71474021
4.332663283568377e-08 18.469516961185622 0.39369545 0.02168019 0.67978607
4.320055750489391e-08 18.44193160778914 0.28521319 0.02143906 0.66322307
4.312880330568275e-08 18.436273866072863 0.29980131 0.02244803 0.64703517
4.318948248624382e-08 18.396698295813895 0.3074972  0.02235449 0.64016706
4.3264580313141836e-08 18.389334390052692 0.41082628 0.02207774 0.59772923
4.340740622777359e-08 18.34396436015834 0.25039714 0.02271962 0.72413586
4.368505677282712e-08 18.323822413690458 0.36668474 0.02272472 0.68103114
4.397428015600149e-08 18.27797970221965 0.33517676 0.02113342 0.67170209
4.422965649188205e-08 18.26063359517855 0.33751685 0.02158801 0.62846253
4.413161940012043e-08 18.247039893376932 0.36316602 0.02126551 0.63794695
4.453514454525872e-08 18.184883584436825 0.40080352 0.02216575 0.67577733
4.488745069296096e-08 18.17524879295636 0.39872757 0.02154844 0.66852087
4.4606763847466235e-08 18.17016491927807 0.43750125 0.0216782  0.63970416
4.455184671633981e-08 18.140481962850075 0.33335561 0.02243925 0.71686609
4.458829053618566e-08 18.127005464901668 0.44940673 0.02237246 0.6213249 
4.458832687414095e-08 18.100740905383006 0.25587886 0.02215382 0.76082286
4.4637003256928084e-08 18.082793819867096 0.26069754 0.02270869 0.73081066
4.447226424679419e-08 18.075695478078327 0.23153679 0.02172911 0.71448524
4.4647460154464025e-08 18.027549138847952 0.26760185 0.02222256 0.66867515
4.513039797181112e-08 17.99272158133636 0.41273002 0.02163461 0.65862825
4.521708127374695e-08 17.97994106479555 0.37529782 0.02132349 0.63383051
4.508151990534432e-08 17.964938038136534 0.23434637 0.02170718 0.71235027
4.503305143922331e-08 17.944466819664285 0.43399552 0.02239556 0.60901129
4.483896337594861e-08 17.942361752831026 0.22235571 0.02215143 0.7376676 
4.4982730500773336e-08 17.89217509242782 0.31740042 0.02244307 0.64094077
4.518136251239418e-08 17.884628644492985 0.40642231 0.02182606 0.66814829
4.48684842057635e-08 17.880165262631188 0.43499189 0.02244035 0.61580347
4.4514019450882335e-08 17.87655227901418 0.26413588 0.02139934 0.69262286
4.424376413741835e-08 17.864738733753455 0.3710975  0.02150534 0.62281609
4.3960099619480524e-08 17.862462328010437 0.41862942 0.02200415 0.60107205
4.370338147233917e-08 17.848389188531392 0.29837471 0.02185796 0.74060954
4.408857573694584e-08 17.787991350142377 0.28460335 0.02257943 0.73442569
4.4682028074907536e-08 17.754787033433733 0.38321143 0.0227063  0.65776761
4.491829817516066e-08 17.727052843126668 0.26166065 0.02262926 0.69746654
4.5178642994166324e-08 17.69192686364839 0.2969649  0.02126156 0.67905001
4.5146502933802943e-08 17.68994439399845 0.36597237 0.02198842 0.61503893
4.4726906029328884e-08 17.689475385792043 0.42908649 0.02179672 0.64574007
4.484864736295378e-08 17.63958147515279 0.2695657  0.02144468 0.73579405
4.542231739787925e-08 17.598730975004653 0.36659473 0.02127835 0.65479109
4.559702786001088e-08 17.584241885673926 0.38894102 0.02136731 0.6386913 
4.544355650117919e-08 17.5724069041217 0.35129064 0.02194326 0.70690874
4.551578175329161e-08 17.538216859585766 0.43391358 0.0220856  0.64185484
4.579224862011654e-08 17.50834811864527 0.41776234 0.02249095 0.63832866
4.594177560316639e-08 17.485330190054555 0.22834659 0.0220244  0.74610039
4.582340664871892e-08 17.478805186325843 0.37557724 0.02221773 0.61519479
4.549339022013098e-08 17.474437837918888 0.3102713  0.02122958 0.68630805
4.567738905254219e-08 17.4231843907784 0.28028442 0.02136516 0.72263728
4.596097886074622e-08 17.409573936584977 0.2654751  0.02136556 0.713207  
4.627577475635239e-08 17.35640980495118 0.39318705 0.02204496 0.67519116
4.6432809845874165e-08 17.355868487739205 0.29536359 0.02268253 0.67437347
4.6033143589566055e-08 17.351189854051064 0.23625562 0.02188328 0.71346399
4.56656644286184e-08 17.348125440995407 0.30809072 0.02130694 0.70501249
4.595047709906324e-08 17.286984449611644 0.29059611 0.02237753 0.66080381
4.627338116924992e-08 17.279852642968113 0.25278151 0.02216986 0.69021351
4.648221614251208e-08 17.22948224360214 0.23451573 0.02182885 0.7237493 
4.6837728647366686e-08 17.209308035690174 0.36392944 0.02146498 0.6802329 
4.706390169604393e-08 17.170548854868134 0.38082507 0.02146014 0.6643003 
4.706602217098478e-08 17.169138962565974 0.39707111 0.0225034  0.62657847
4.6880760325286127e-08 17.146586775253045 0.24832308 0.02226208 0.7480327 
4.6687072394018375e-08 17.145834374011358 0.25524938 0.0214979  0.71308052
4.674054248609094e-08 17.10244221023745 0.40781431 0.02184921 0.65896739
4.6849827307572725e-08 17.096460619257122 0.34985635 0.02262814 0.6852276 
4.6835037405976933e-08 17.06403082349463 0.26492109 0.02254886 0.69786152
4.721592665480919e-08 17.024326172145688 0.4312814  0.02184409 0.62998631
4.772577459878094e-08 16.98130248063593 0.27179392 0.02189091 0.74537607
4.7895547823801545e-08 16.970105334054367 0.26073955 0.02251587 0.70280106
4.772019186524911e-08 16.956181459141405 0.29086207 0.02259479 0.72000113
4.756956596355501e-08 16.942947395434445 0.29302283 0.0214057  0.67854033
4.728381328773756e-08 16.940459669210476 0.42735239 0.02218785 0.63464084
4.685051122692257e-08 16.93996973851014 0.26567814 0.02242158 0.73781236
4.6408033519623394e-08 16.93861590559903 0.36896569 0.02146245 0.63851139
4.601080768303149e-08 16.93455529474235 0.25144447 0.02241025 0.73571799
4.569856901299478e-08 16.92605887970302 0.31850545 0.02270295 0.66980717
4.536957124950126e-08 16.923647039787884 0.28721339 0.0220776  0.73937092
4.50900860994633e-08 16.910993808606012 0.26711448 0.02157419 0.73438629
4.486131259109201e-08 16.904177964533215 0.43031604 0.02186628 0.62487855
4.454792040113661e-08 16.899230999954714 0.37734775 0.02183921 0.6198294 
4.4474158919012274e-08 16.871101095353197 0.33629356 0.02271633 0.66972834
4.455688326359526e-08 16.85194333757054 0.24884012 0.02197153 0.70000144
4.451142544530479e-08 16.83537118673184 0.41999252 0.02223364 0.61949196
4.4268920273653236e-08 16.83396013730484 0.30180881 0.02174176 0.72814705
4.398602711946231e-08 16.8212332166475 0.24884931 0.02224799 0.74287321
4.4072320875944487e-08 16.786450106904358 0.31946071 0.02248959 0.65240878
4.416361772293394e-08 16.773025665673195 0.35235667 0.02160688 0.6916865 
4.390024488779044e-08 16.7705527142647 0.40492058 0.02228757 0.65379633
4.3650974737175054e-08 16.756027094331976 0.24415295 0.02223817 0.71520944
4.376604861097057e-08 16.720353061579882 0.3193352  0.02257337 0.65865713
4.397060853173715e-08 16.69747988341359 0.25901889 0.02237906 0.69888769
4.388354052260673e-08 16.688425006263586 0.34666528 0.02213815 0.63094092
4.360251191952574e-08 16.68336973403242 0.34714389 0.02137662 0.67182509
4.3590040683629785e-08 16.64990472293311 0.37236449 0.02146739 0.66079666
4.3522773885655614e-08 16.649605878552432 0.2510632  0.02232207 0.73552674
4.3247450652151664e-08 16.635512422558282 0.29807038 0.02176013 0.65920275
4.302660072634344e-08 16.63026213753969 0.41097126 0.0217599  0.64394078
4.271773370110978e-08 16.62452937270037 0.37077143 0.02234539 0.62834103
4.2795952361663904e-08 16.58335112254881 0.27897565 0.02206075 0.73946134
4.30305611389822e-08 16.56270115824849 0.33426375 0.02225244 0.63914886
4.2841465253644346e-08 16.561113369813153 0.38770315 0.02160563 0.65836095
4.2526311405117604e-08 16.552442803715397 0.41993446 0.02192021 0.63616448
4.233569642795611e-08 16.539293696972607 0.27306901 0.02188708 0.74004568
4.205935239719152e-08 16.538815273888503 0.40223896 0.0222903  0.65200432
4.229726536868055e-08 16.47740113870516 0.41432222 0.0220783  0.64356859
4.2701803700248623e-08 16.46050329862368 0.31778772 0.02266349 0.68109726
4.347008996930051e-08 16.367321563122033 0.25262692 0.02191473 0.70401888
4.411486167490212e-08 16.36072771203499 0.33652143 0.02202183 0.63762604
4.3773358647933796e-08 16.35860074169717 0.30510237 0.0225785  0.70500239
4.3394627984005285e-08 16.355685797240227 0.31158953 0.02241306 0.65831006
4.3089848923778866e-08 16.347000620063646 0.3862193  0.02223554 0.66675755
4.283974179617746e-08 16.33916762293164 0.3310823  0.02254237 0.65651572
4.2516749077283053e-08 16.33746448641409 0.29195399 0.02226046 0.72862535
4.2407644659851614e-08 16.30973981698153 0.27932178 0.0216755  0.68103678
4.243076544355975e-08 16.295412521941195 0.36929104 0.0221373  0.62744098
4.2196623462785106e-08 16.292048225875007 0.27435226 0.02152234 0.71207098
4.1854265668346504e-08 16.288197580392364 0.28978121 0.02147872 0.688074  
4.175468174002239e-08 16.261860302149604 0.33447226 0.02142199 0.67650317
4.1683453276624e-08 16.25514453419233 0.30052134 0.02256341 0.70608237
4.137092679767096e-08 16.252157909102234 0.37878346 0.02169665 0.66756021
4.143198157786154e-08 16.209668949060227 0.25840941 0.02207102 0.73801646
4.145998031411248e-08 16.209428742359243 0.40477335 0.02225159 0.63726635
4.1091282480835985e-08 16.205600003941836 0.37562271 0.02242972 0.63961081
4.078055354703163e-08 16.199992137075263 0.35580201 0.0224306  0.64213635
4.074181397578154e-08 16.169710981205363 0.2545198  0.02224474 0.72896576
4.0703806912616316e-08 16.16381378917977 0.37818643 0.02183498 0.67195341
4.0360658997006295e-08 16.163769713669282 0.3291256  0.02178825 0.64564143
3.997513459648614e-08 16.162404288950814 0.37025646 0.02219987 0.67861585
3.971054434072593e-08 16.150549216151713 0.25251736 0.02198419 0.73448789
3.9589200249014824e-08 16.134857746892187 0.3013801  0.02181446 0.72277834
3.9456810169561616e-08 16.124130299052496 0.36528328 0.02176039 0.67987509
3.9179351673879196e-08 16.12326931243345 0.40526858 0.0221405  0.64389797
3.8939716668131964e-08 16.108895274349052 0.39819863 0.02228789 0.63826041
3.9193288740900796e-08 16.05780521684736 0.38467543 0.02200046 0.62682441
3.939637553543652e-08 16.048106268104707 0.29935394 0.02206662 0.72492582
3.918785248650938e-08 16.03923001267526 0.35474901 0.02183176 0.68881629
3.8955281310775807e-08 16.032111262933732 0.31438262 0.02255948 0.67427718
3.8689361194818944e-08 16.02682463812066 0.38611377 0.02232347 0.65598555
3.8507539868545994e-08 16.01117942191269 0.39215517 0.02231623 0.64403919
3.82783634499949e-08 16.01086972729622 0.31740805 0.022576   0.6885575 
3.795908075984445e-08 16.004886785571678 0.37508817 0.0224393  0.65174287
3.771563304568482e-08 15.996808404075576 0.38056164 0.02228297 0.6641727 
3.7424343619104545e-08 15.99609051531362 0.29544834 0.02230015 0.72166283
3.708991674952547e-08 15.992913256667116 0.35307157 0.02201746 0.63499467
3.705675371077442e-08 15.960001428754902 0.30066449 0.02150227 0.70070235
3.711828420573089e-08 15.946363535509132 0.2838131  0.02249448 0.69843171
3.716839225641066e-08 15.914904382348439 0.40246317 0.02196556 0.6410577 
3.71470897146658e-08 15.908736460002652 0.3272256  0.02187496 0.64768446
3.689860872920647e-08 15.901950391084938 0.35539324 0.02234784 0.68162091
3.660999530464745e-08 15.900339895028603 0.36367251 0.02172559 0.63893497
3.640970483723324e-08 15.884125380637673 0.28906316 0.02239997 0.71704265
3.62541037009952e-08 15.877642062375976 0.34757298 0.02232055 0.64381813
3.5992003765091403e-08 15.873344249110282 0.35017274 0.02246594 0.65303213
3.572309237522915e-08 15.867840101945553 0.28213107 0.02196484 0.72968148
3.552072780204952e-08 15.85627951294042 0.34570833 0.02240478 0.68513457
3.567609011007808e-08 15.81082310569874 0.26127021 0.02219526 0.70644316
3.5981760856720854e-08 15.782196553092701 0.28568612 0.02180302 0.72428627
3.589928232912461e-08 15.780099348956922 0.29995049 0.02251918 0.69327031
3.565124408856027e-08 15.770140121823738 0.36271619 0.0215977  0.65650299
3.541965624030791e-08 15.7663558832637 0.37855388 0.02177772 0.63789524
3.515641667386245e-08 15.760180871865634 0.38976422 0.02222063 0.64925711
3.4904147355053265e-08 15.755358681143363 0.3234047  0.02250797 0.67013243
3.465792203914132e-08 15.748699495870737 0.32713415 0.02251962 0.6833396 
3.455775477987409e-08 15.727187077645597 0.26643673 0.02213456 0.72818269
3.447405839947388e-08 15.718549112396182 0.26784591 0.0219647  0.69464487
3.437051303132829e-08 15.699454376485276 0.31609167 0.02229534 0.70752771
3.42303400439513e-08 15.695051160117986 0.38948473 0.02219119 0.64900014
3.418269758816314e-08 15.665332186731945 0.28448267 0.02242957 0.69763401
3.409890709958974e-08 15.664956507844076 0.3552132  0.02173417 0.67977105
3.379975713474867e-08 15.660779893429618 0.34947529 0.02162338 0.67671016
3.381802308312198e-08 15.623168743797203 0.37573965 0.02191271 0.63602703
3.382937246359629e-08 15.619461285020845 0.30138507 0.02162413 0.67758408
3.365701949386173e-08 15.603827436289315 0.28597042 0.02209455 0.72447804
3.355241644992269e-08 15.592097613164489 0.30012374 0.02156197 0.69214988
3.332305321647576e-08 15.591446726899672 0.35578163 0.02166237 0.65095259
3.305109124775497e-08 15.585080752133884 0.36200038 0.02199295 0.63781335
3.284436625231131e-08 15.576746431529589 0.3767083  0.02229835 0.65128807
3.2591690680389874e-08 15.576162237877403 0.30313592 0.02156323 0.69462988
3.227661757730499e-08 15.575802340518633 0.39138428 0.02200801 0.64415494
3.2012851960025924e-08 15.569188798198049 0.26870155 0.02224684 0.71768578
3.1765508290689826e-08 15.567021695722547 0.2880955  0.02177655 0.71894484
3.153840800698473e-08 15.558096649952269 0.28107879 0.02191208 0.6833545 
3.1306997428285044e-08 15.556668559499059 0.32044458 0.02169074 0.66176017
3.1104086913895716e-08 15.54432376081845 0.28230324 0.02168352 0.69408156
3.090554311272769e-08 15.5424632835193 0.27157335 0.0222883  0.71358097
3.063180642569381e-08 15.540109344446812 0.27367791 0.02212371 0.72497107
3.0378194566940524e-08 15.535918773576373 0.28776623 0.02192057 0.72253375
3.015186897135292e-08 15.53022250868055 0.29099232 0.02204843 0.67402763
2.994258551050565e-08 15.523978981706517 0.3509886  0.02167153 0.65246005
2.9717245535666233e-08 15.520634497165544 0.38366566 0.02184555 0.64831792
2.9464029080099447e-08 15.518406356456861 0.28552025 0.02166169 0.70914759
2.924150052465715e-08 15.511163969754346 0.33989528 0.02224726 0.64931169
2.901675849250691e-08 15.509460475131757 0.37473747 0.02182078 0.66184753
2.8795253859590017e-08 15.502021062153904 0.31772182 0.02170702 0.66334901
2.8624924145491807e-08 15.493392600252836 0.3722904  0.02218457 0.6406131 
2.8477335523506227e-08 15.482901334056715 0.38519248 0.02205963 0.65285983
2.8402553021211885e-08 15.464139478745292 0.34320659 0.02239318 0.67910101
2.83605992999861e-08 15.448997481540562 0.31051459 0.02229451 0.70661868
2.831364717248408e-08 15.430977734803717 0.38077594 0.02217025 0.65233854
2.821305496949136e-08 15.423399179288404 0.31597506 0.02212583 0.70800939
2.805259358645308e-08 15.41399517580445 0.27275134 0.02186921 0.69806415
2.7848003181232344e-08 15.412866264479684 0.32588049 0.02165488 0.69158264
2.759567650258487e-08 15.410602944411169 0.32641657 0.02208756 0.70206515
2.7355465014284455e-08 15.408036265745162 0.29637997 0.0223907  0.68585645
2.7130266077883645e-08 15.40386853866669 0.3744004  0.02207222 0.64006886
2.6896289782509297e-08 15.402879226805467 0.36097723 0.02219254 0.64366885
2.6840586550105193e-08 15.372475382414198 0.29522344 0.02234455 0.68317111
2.6843386750252734e-08 15.362557364586092 0.33969965 0.02190592 0.69196288
2.6738891749669554e-08 15.348288659313257 0.31711426 0.02170569 0.69908724
2.66017699494073e-08 15.343299193087468 0.35240317 0.02185733 0.64621715
2.6448121823208576e-08 15.331671547565167 0.31280243 0.02232515 0.66913548
2.6364179348593754e-08 15.316226393485174 0.32829047 0.0224284  0.67898908
2.6231766949386434e-08 15.311983018542788 0.33331853 0.02198833 0.69643724
2.6062668324773866e-08 15.30230332035053 0.29125625 0.02183704 0.68042739
2.597947354011813e-08 15.28499626890983 0.36216042 0.02220965 0.6470866 
2.592135946955226e-08 15.271445221967149 0.34507841 0.02174338 0.68038979
2.5785525680610707e-08 15.266191459589951 0.28533812 0.02184879 0.71607813
2.56676725472219e-08 15.249997197165898 0.29455925 0.022038   0.67559469
2.5525191847080298e-08 15.248623360430074 0.3471798  0.02169694 0.65946779
2.5318909725423316e-08 15.24265746096674 0.37017411 0.02220295 0.65112103
2.5153654546025612e-08 15.235018244966923 0.31857921 0.02191749 0.70377125
2.497959571611728e-08 15.230626756328732 0.28342426 0.0221494  0.68822062
2.4764137377826054e-08 15.229865731866367 0.27289245 0.02199716 0.70092332
2.4528011119333436e-08 15.229148455476992 0.33418584 0.02210891 0.69406524
2.4330565030885255e-08 15.222399618718729 0.28046989 0.02202665 0.68988267
2.4180379237626154e-08 15.214117417678159 0.36029101 0.02188036 0.64696816
2.401633327194793e-08 15.209821536288707 0.35008411 0.02171418 0.67036854
2.390870561871637e-08 15.192318113272615 0.30226135 0.02234423 0.68234832
2.379514574904428e-08 15.189027449099639 0.33780556 0.02216021 0.65296748
2.358183621590234e-08 15.18853481032421 0.32735835 0.02231298 0.66375656
2.3394625083919195e-08 15.181114837818093 0.32492189 0.02213703 0.65821871
2.327730656186229e-08 15.168854913327763 0.37123768 0.02214427 0.65194228
2.317468026581976e-08 15.158981327410823 0.28017861 0.02222818 0.70703581
2.3025466648625583e-08 15.154881368639797 0.37053721 0.02214632 0.65560187
2.282260094524221e-08 15.154576052330729 0.31465648 0.02197311 0.70530657
2.2606889352282504e-08 15.153066782649312 0.28439819 0.02190997 0.71532212
2.2399379996184665e-08 15.151660366171267 0.27557254 0.02201571 0.69925386
2.218647013621899e-08 15.151467736518317 0.33115998 0.0220648  0.6548827 
2.2097035434103873e-08 15.128084160644091 0.32931246 0.02172942 0.66437024
2.2020862642894286e-08 15.125411558667082 0.30756004 0.02208522 0.70829287
2.1835845816827433e-08 15.12203290338121 0.29787929 0.02234391 0.69434474
2.1664269863785788e-08 15.117166047107021 0.29888474 0.02234621 0.69375784
2.1484099420820107e-08 15.115633927552937 0.35265852 0.02190308 0.6772643 
2.1290203385941982e-08 15.113629203515274 0.36691483 0.02206626 0.64798317
2.1105213723064876e-08 15.11074084916663 0.35856049 0.02178842 0.65818827
2.0915219352904855e-08 15.10999895876861 0.33997667 0.02208455 0.68823209
2.0741643225113587e-08 15.104278200831086 0.35925732 0.02180443 0.66379703
2.057216148258276e-08 15.103012352394078 0.29966594 0.02199563 0.67421524
2.0387944591474632e-08 15.100457503989396 0.36202821 0.02185803 0.66501823
2.0214207036095212e-08 15.097443744251205 0.3269235  0.02169265 0.68462377
2.0035645041573814e-08 15.096146201713886 0.33701308 0.02229892 0.66179546
1.985909453596311e-08 15.093046907395925 0.35039483 0.02227267 0.67123509
1.9708080386502337e-08 15.086881795389122 0.33486826 0.02220576 0.68865173
1.9561310708357486e-08 15.083142786667443 0.29815473 0.02184571 0.70880901
1.939100605229756e-08 15.082056147939483 0.35130218 0.02219805 0.67542567
1.9240661870722862e-08 15.074482516072951 0.3217091  0.02212821 0.66154211
1.909077468054599e-08 15.073530280126214 0.28862658 0.02190582 0.71273606
1.8913754988568292e-08 15.071944524900944 0.35945246 0.02204812 0.64845486
1.873974099351395e-08 15.070700751249142 0.31332717 0.02170061 0.69247346
1.860433165999803e-08 15.061162448957159 0.32413719 0.02235205 0.6838039 
1.8474312195967383e-08 15.058941477300191 0.34602641 0.02212398 0.65207077
1.8376984743828327e-08 15.042522943691674 0.34758843 0.02228848 0.66920321
1.8270648117411305e-08 15.04231929660741 0.35946445 0.02183087 0.65762247
1.81168628219902e-08 15.036536563039277 0.33753261 0.02183437 0.68555536
1.7990531786556083e-08 15.030508513509622 0.31343196 0.02173909 0.67487185
1.7861441964377783e-08 15.02553897796587 0.34929527 0.02195674 0.65133123
1.7706704954563356e-08 15.02550782492449 0.29821908 0.02221643 0.68124648
1.7561664444190044e-08 15.018643580203495 0.32520067 0.02212668 0.69597482
1.7434311622322586e-08 15.01481513590221 0.33991657 0.02223426 0.65890128
1.727959939292101e-08 15.014494905503877 0.29959118 0.02195646 0.70957638
1.712144215517883e-08 15.011794609621655 0.30106251 0.02175712 0.70030086
1.6990967598937287e-08 15.005296828502331 0.28207498 0.02187232 0.70222575
1.685443296123137e-08 15.004260859507779 0.35223521 0.02179062 0.66541415
1.6697275564646032e-08 15.002968138539057 0.28880552 0.02180746 0.70369185
1.6540852848249225e-08 15.002108680474311 0.36322158 0.02213589 0.65588611
1.638594931221536e-08 15.000803066601957 0.30211949 0.02222514 0.70401337
1.623255539478937e-08 14.999928841019798 0.33688173 0.02200488 0.68874297
1.6090095197645074e-08 14.99626308905643 0.30599847 0.02172204 0.69379559
1.595439032765916e-08 14.994005797016309 0.29286952 0.02177436 0.70007037
1.5809806247835407e-08 14.992875891909229 0.32065317 0.02174742 0.67110017
1.5661726331006884e-08 14.991846339994229 0.31283229 0.02232794 0.6805893 
1.5513366127017953e-08 14.99114625578674 0.32129714 0.02189787 0.69749272
1.5363912013182797e-08 14.990767371088108 0.28645539 0.02206181 0.71197429
1.521642940999628e-08 14.989927631751105 0.29563193 0.0222816  0.6981606 
1.5074840806511367e-08 14.988360442130471 0.30895632 0.02170915 0.68603875
1.4932117334661168e-08 14.988177059547285 0.28351159 0.02197147 0.69358345
1.4820597478218945e-08 14.978556620529888 0.31612155 0.02174583 0.67436593
1.4711122965239483e-08 14.978020454030208 0.28886127 0.02218577 0.70716811
1.4578537918844777e-08 14.974970145522798 0.28968392 0.02223011 0.69509254
1.4471052287277206e-08 14.967825075639801 0.28415265 0.02216173 0.69844647
1.435890946322313e-08 14.966281306238082 0.28734222 0.02187262 0.70747392
1.4233851384218288e-08 14.963015148365441 0.35995124 0.0219072  0.65529171
1.4116388841671695e-08 14.959626390103073 0.32601203 0.02174135 0.67050375
1.399877093244456e-08 14.956681139314618 0.30169829 0.02221247 0.67994568
1.3878660138636967e-08 14.954293161586767 0.33045994 0.02201674 0.65859063
1.3750107850684693e-08 14.954102111070618 0.30217141 0.02220603 0.67927883
1.361614885786023e-08 14.953652512589562 0.34443141 0.02206888 0.6817277 
1.3484531237578445e-08 14.953154033928106 0.33109021 0.02177455 0.68461723
1.3354706453993907e-08 14.952548516480949 0.35779836 0.0218943  0.6556336 
1.3231379491274338e-08 14.95046370182672 0.35095635 0.02207465 0.67586951
1.3109417399581201e-08 14.949788247718713 0.28107819 0.02207308 0.70087404
1.2982563340118969e-08 14.949557055217227 0.34362492 0.02202225 0.65401957
1.2864780838818692e-08 14.946443191561054 0.32950826 0.02173895 0.68164615
1.2747457871745349e-08 14.946400684062706 0.31150166 0.02183252 0.69964982
1.2621929899292138e-08 14.946226271010167 0.3109168  0.02173582 0.69209753
1.2515889245084914e-08 14.9403508423068 0.28510069 0.02196734 0.69332796
1.2426292038868862e-08 14.935161690798827 0.29289487 0.02220783 0.68962525
1.2323496108811925e-08 14.93377383652431 0.35566635 0.02217792 0.6589665 
1.2213654967599617e-08 14.931173401662571 0.3198437  0.02222546 0.66879283
1.2109208467810559e-08 14.928326248757784 0.34596845 0.02222045 0.66020794
1.2040295717787393e-08 14.91422469247531 0.28922396 0.02214258 0.69111478
1.1971354094354225e-08 14.911470471593029 0.32242124 0.02193102 0.69584981
1.1878753183489421e-08 14.90548801311466 0.28644091 0.02216288 0.69973168
1.1786062142866215e-08 14.903000242241271 0.31202178 0.02208313 0.70183233
1.1677128767432664e-08 14.902828065893797 0.28893897 0.02186344 0.69486964
1.1580352461341868e-08 14.896492786956106 0.29537953 0.02188507 0.70585001
1.1497979447672501e-08 14.891579099665229 0.34031663 0.02189013 0.68175309
1.1405423651051678e-08 14.889018539472188 0.31501955 0.02229705 0.68025555
1.1302286687735065e-08 14.888112795780028 0.35024078 0.02215336 0.67201625
1.119316876798784e-08 14.888022739346193 0.31946738 0.02227583 0.68893719
1.1095116479478283e-08 14.883508443041558 0.28564107 0.02200728 0.70774423
1.1001727587897978e-08 14.882030104933014 0.33430412 0.02184595 0.66226461
1.0907652446531273e-08 14.878059663755533 0.30164989 0.02225844 0.69596382
1.0814164923047076e-08 14.876658098499105 0.32908515 0.02199421 0.69158339
1.071289703372644e-08 14.875892151453169 0.35472499 0.02201653 0.65483197
1.0609345756566563e-08 14.875708938254984 0.30783241 0.02175713 0.69135085
1.0516617198731727e-08 14.871208121117999 0.30832464 0.02175739 0.68488311
1.0424585285220325e-08 14.871063527059196 0.35815567 0.0219605  0.66321344
1.0327075623832104e-08 14.868998682093215 0.28663029 0.02211671 0.70449655
1.0260434037154409e-08 14.85717516480614 0.30522847 0.02224235 0.68268188
1.0218420894633645e-08 14.845608930917939 0.341696   0.02205697 0.68136663
1.0168478359586108e-08 14.836964392897277 0.34001914 0.02197953 0.65799516
1.0090588975304219e-08 14.836555781500145 0.28671518 0.02208676 0.69746542
9.99326967239646e-09 14.835928582575523 0.32745658 0.02217812 0.66546752
9.915525568251741e-09 14.828002524471975 0.32262681 0.02190577 0.69322108
9.846544354825672e-09 14.824046167947882 0.31213329 0.02227495 0.68728053
9.765160973968259e-09 14.821398191842873 0.28644512 0.02206677 0.69913034
9.683360948198285e-09 14.817893513661518 0.32056773 0.02178562 0.67468425
9.596019542767613e-09 14.817837993030082 0.29218989 0.02203822 0.70622375
9.50242791659046e-09 14.817296408157713 0.29027021 0.02198494 0.70576085
9.41563727996244e-09 14.814739404535175 0.29395295 0.02218008 0.6930037 
9.335644516791134e-09 14.811623600571103 0.33801362 0.0218186  0.67618089
9.259612273598103e-09 14.80764940575881 0.33548961 0.02179346 0.67368389
9.18283955532948e-09 14.805123900649367 0.31846492 0.02223002 0.67402222
9.101014989264769e-09 14.803649684621284 0.35533609 0.02202679 0.66011844
9.017768821642904e-09 14.802078614618061 0.28883138 0.0220421  0.70448782
8.936467617788987e-09 14.800074772218096 0.34218459 0.02195332 0.67915338
8.857246379695448e-09 14.797895247474314 0.34079405 0.02219676 0.66469075
8.776712107631283e-09 14.796809249041587 0.29722253 0.021853   0.69904339
8.695454562150778e-09 14.795299810609436 0.34829835 0.02214124 0.66142138
8.615196072177533e-09 14.794099004643469 0.32582542 0.02185057 0.68804565
8.536895097622485e-09 14.79201988381542 0.30583342 0.02224647 0.68849866
8.462486619182973e-09 14.789315306980807 0.30693769 0.02207391 0.70153514
8.38449021458083e-09 14.78925549021848 0.31563334 0.02178043 0.68692335
8.304787034597508e-09 14.787720263408408 0.32549674 0.02196026 0.66490947
8.2357582375259e-09 14.782843506326556 0.33893214 0.02214008 0.67982258
8.166558701404206e-09 14.781667443321904 0.30690864 0.02197136 0.70140702
8.09425707591388e-09 14.77861438043492 0.30750711 0.0218873  0.69891224
8.02026886542612e-09 14.778596401038566 0.31151111 0.02179572 0.68194571
7.944979392098883e-09 14.776540543375383 0.34251476 0.02191749 0.66082124
7.871627432708354e-09 14.77589610400892 0.34411556 0.02218373 0.6665465 
7.79881660000898e-09 14.773910965567724 0.29628869 0.02213959 0.68835954
7.729260000506654e-09 14.77193028668059 0.33049287 0.02222226 0.66978301
7.658254015926072e-09 14.77102567266084 0.31691578 0.02186519 0.67266627
7.59084098294251e-09 14.767496960662573 0.33051351 0.02219739 0.68312351
7.525218697939136e-09 14.76595314529119 0.30763692 0.02185188 0.69651493
7.45500327782746e-09 14.765193352143159 0.33627345 0.02191872 0.66238353
7.388296807983004e-09 14.762105549668687 0.3088606  0.02220028 0.69506643
7.321948463448492e-09 14.761473925906085 0.29865712 0.02188704 0.68693277
7.2558902285200836e-09 14.758556807122023 0.34985711 0.02194585 0.66181358
7.190239737194264e-09 14.75802785379015 0.32226233 0.02212358 0.66820031
7.122437132102556e-09 14.756653899225087 0.32342382 0.02225074 0.67862318
7.05669870207056e-09 14.755317015755585 0.32883105 0.02215427 0.66639023
6.992856410392701e-09 14.753205793673933 0.31347519 0.02211958 0.67329816
6.928805967447075e-09 14.752321696447522 0.32084543 0.02221526 0.68781278
6.862590162146689e-09 14.751814621320676 0.30363842 0.02186717 0.68335061
6.796249771907144e-09 14.751376321767323 0.34061098 0.02200292 0.67958327
6.731218441777042e-09 14.75047250528616 0.30429236 0.021821   0.69162902
6.675180867609771e-09 14.74501810867163 0.33412577 0.02195039 0.66283734
6.6198347308125565e-09 14.743971182824517 0.34909573 0.02197982 0.669704  
6.55727753526413e-09 14.743196313528776 0.31275773 0.02180583 0.68863686
6.494499644601966e-09 14.742649408967193 0.33491282 0.02186245 0.6796598 
6.4337347368091805e-09 14.740996936154612 0.31702579 0.02221934 0.67699833
6.376366801500839e-09 14.738675343223349 0.32411286 0.02224143 0.67989344
6.317549169112855e-09 14.73826346041531 0.3015411  0.0221995  0.69131934
6.25649796136871e-09 14.737717019012619 0.30722835 0.02188824 0.69759089
6.197542054164848e-09 14.736333646535329 0.32518495 0.0221739  0.66953091
6.139604883144433e-09 14.735485073439147 0.325145   0.02188933 0.68837706
6.0830036147144215e-09 14.733579883785248 0.29098267 0.02205592 0.69932773
6.026401902007832e-09 14.733077153614953 0.33020545 0.02182204 0.67207294
5.969166610056243e-09 14.731949934757596 0.32372531 0.02205546 0.69146934
5.916145655155102e-09 14.728965409846959 0.34761217 0.02199891 0.66110022
5.8636450512678865e-09 14.72780259685207 0.29230492 0.02197314 0.69411273
5.810437064835041e-09 14.725627062131839 0.30157847 0.02209309 0.70083267
5.757482331984565e-09 14.72462284918666 0.30632979 0.02195277 0.6785481 
5.704405612169351e-09 14.722871969063958 0.30437022 0.02188782 0.69771381
5.650524151788922e-09 14.722783062076687 0.33085593 0.0218924  0.68396329
5.597359979233919e-09 14.720884122534727 0.3363364  0.02196684 0.66268165
5.547742093495425e-09 14.71859809844612 0.29265337 0.02208252 0.69819322
5.49818806892069e-09 14.716972152481066 0.33432985 0.02219924 0.67593702
5.449248592339446e-09 14.714560650454633 0.30377367 0.02219747 0.68982879
5.399265883780419e-09 14.71402905477131 0.31930502 0.02183766 0.68793113
5.347933305759561e-09 14.712970666115876 0.31966327 0.02214969 0.6719253 
5.296637684579982e-09 14.712779468628133 0.33841527 0.0218777  0.66671505
5.247922619839287e-09 14.710129868753501 0.29871871 0.02197064 0.70113662
5.199425711722187e-09 14.710113777311738 0.34804166 0.02207785 0.66664194
5.149162991816259e-09 14.709184668530014 0.32648829 0.02212397 0.66775206
5.1026273294996815e-09 14.706627586844593 0.33253259 0.02213353 0.66602409
5.0554645565922015e-09 14.706525813330058 0.34778651 0.02199226 0.66317035
5.009955100911802e-09 14.702998998943345 0.33082889 0.02218646 0.67012148
4.9666620037069956e-09 14.701439110195095 0.33663369 0.02200711 0.68130719
4.92217199363209e-09 14.699190364373646 0.30533696 0.02187138 0.6951036 
4.879162768962604e-09 14.696742918622766 0.33320743 0.02219738 0.67323788
4.836776588550532e-09 14.694289591181349 0.3089374  0.02218273 0.68225182
4.793288333008024e-09 14.69306834641169 0.30904167 0.02187243 0.68092963
4.747529948627997e-09 14.69285690090762 0.31237152 0.0221038  0.6957067 
4.70117025580203e-09 14.692519046317384 0.34413494 0.02211596 0.66938695
4.655028075129701e-09 14.6925096689624 0.31457867 0.02192028 0.69417748
4.610060224723168e-09 14.691545923128517 0.34775453 0.02200077 0.6660512 
4.567213541726729e-09 14.690059026589196 0.33488642 0.02188535 0.66753654
4.523876179115245e-09 14.689880737569757 0.29699164 0.02193037 0.69774485
4.479817432832371e-09 14.689405303868602 0.31619429 0.0220948  0.69395232
4.439673173294417e-09 14.686086881913495 0.30645981 0.02185287 0.68635097
4.400514033907273e-09 14.68504035737852 0.34284793 0.02208277 0.66393246
4.359070316188154e-09 14.684135746275485 0.32160728 0.02185561 0.67425892
4.317869475169562e-09 14.68322583849493 0.30971964 0.02192431 0.69609824
4.2780075859152444e-09 14.681433599537447 0.31389811 0.02182871 0.68396229
4.238666952331511e-09 14.680378501209045 0.31440918 0.02221051 0.68310748
4.2005373911154065e-09 14.677778399658504 0.32884294 0.02220096 0.67577163
4.164806082371006e-09 14.674748487034835 0.30258434 0.02188391 0.68837496
4.127747152567718e-09 14.67372782362914 0.29441676 0.02201977 0.69486731
4.088091375402484e-09 14.673561315856201 0.29700034 0.02209505 0.69182051
4.047934965855029e-09 14.673411854131574 0.2977622  0.02205804 0.68877037
4.010268301474758e-09 14.67115550176253 0.30978203 0.02201469 0.67697557
3.972837455875997e-09 14.671120227969359 0.31617992 0.02198244 0.69400846
3.934236911524154e-09 14.67040873794059 0.29714745 0.02193365 0.69466358
3.896352712851402e-09 14.670022963727963 0.32343411 0.02199534 0.66884296
3.859190896359079e-09 14.668941000518801 0.32236531 0.02219628 0.676297  
3.822306822782064e-09 14.668635219661327 0.30119199 0.02210302 0.68628656
3.785549278860116e-09 14.667792251822124 0.3087665  0.02194104 0.69638435
3.750164174120384e-09 14.666399559798347 0.3098544  0.02193632 0.69578627
3.7156210703611976e-09 14.665006030666307 0.31337641 0.02215925 0.6917036 
3.6802233706437623e-09 14.664887573058728 0.32173488 0.02218353 0.68534963
3.6448329778302905e-09 14.663856465362663 0.29562928 0.02197979 0.69434885
3.609927870727741e-09 14.663577128120298 0.32472745 0.02199877 0.66841973
3.574894252265575e-09 14.663063948374392 0.33949431 0.02197771 0.66439213
3.5407454352929876e-09 14.662169135887478 0.29902577 0.02212255 0.69323736
3.507875743333091e-09 14.660569352706785 0.3438735  0.02207623 0.66688002
3.4749818523679378e-09 14.660053110982586 0.31228794 0.02217111 0.68044612
3.4413395219459465e-09 14.659681873840226 0.30329603 0.02214473 0.69428401
3.4082735119575142e-09 14.658871572024795 0.32786312 0.02191218 0.68451502
3.376061535287689e-09 14.657864826078361 0.30395879 0.02189609 0.68651798
3.3456259093418934e-09 14.655294986944954 0.31970755 0.02205617 0.67135688
3.314904063078682e-09 14.654963134900255 0.30698313 0.02201094 0.67976604
3.285193070894586e-09 14.651508178968113 0.29956522 0.02198129 0.69818055
3.2556511222030066e-09 14.651292847171739 0.31046608 0.02216466 0.6914001 
3.223851103158662e-09 14.650969476849612 0.31728087 0.02215477 0.67619023
3.1924044268804516e-09 14.650700591652582 0.31508801 0.02206817 0.67441442
3.162348196758114e-09 14.649006582451293 0.33969007 0.02199048 0.66494823
3.132499233122231e-09 14.648833668875834 0.30986671 0.0221763  0.68965924
3.103441501438075e-09 14.646483967451358 0.3032574  0.02200295 0.69814054
3.075265232230069e-09 14.645513795176004 0.29874047 0.02195262 0.69589734
3.0458867514895454e-09 14.645078860269695 0.33679479 0.02194192 0.67729067
3.0166399613979326e-09 14.644306354446819 0.33150903 0.02209493 0.66750779
2.9875069411034202e-09 14.644094971016507 0.3430326  0.0220472  0.67071129
2.958889772808563e-09 14.64300565143033 0.3378945  0.02204447 0.6652501 
2.933817699042111e-09 14.638334536152033 0.30469266 0.02202392 0.69755228
2.908437472083364e-09 14.637955850762971 0.3210882  0.0221556  0.67482233
2.880602069521223e-09 14.636999955362057 0.33341009 0.02194367 0.66746382
2.854275797471637e-09 14.63487967275053 0.30405261 0.02213072 0.69355969
2.8278645593423586e-09 14.63438328339361 0.31931561 0.02212263 0.68929367
2.8007533471433033e-09 14.63361207531143 0.30316878 0.02198787 0.68448444
2.7742725076788357e-09 14.632581538828731 0.30263966 0.02205507 0.69723741
2.7475917388328878e-09 14.632465647888184 0.30407074 0.02189902 0.68960653
2.7206858280319316e-09 14.632143448650568 0.3324471  0.02197206 0.66709882
2.6945588697578846e-09 14.631262348188747 0.31219649 0.02192325 0.69286249
2.6689401308829053e-09 14.630554360423204 0.29812258 0.02204188 0.69575873
2.6443716761496327e-09 14.628453327269085 0.3216689  0.02185626 0.67984868
2.6207276094008795e-09 14.626678850056804 0.32632705 0.02216896 0.67521442
2.5971054191859048e-09 14.624869892078745 0.33248885 0.02214836 0.67606811
2.5727776877085887e-09 14.624522720457966 0.31761807 0.02215271 0.67735719
2.549174187731097e-09 14.621936065213296 0.31421713 0.02216249 0.68091634
2.5256454599614516e-09 14.621811766644614 0.32568999 0.0218872  0.67373056
2.5007585788386374e-09 14.621744901964474 0.32770849 0.02213913 0.68199991
2.47620970034143e-09 14.621470743893525 0.30374118 0.02211319 0.69383282
2.4524076458121296e-09 14.620578827956408 0.31056089 0.02187424 0.68673694
2.4303901645183118e-09 14.617744119860241 0.32944295 0.02215953 0.6755516 
2.4088779574232435e-09 14.616339725594496 0.30132426 0.02194523 0.69319881
2.3859767396160224e-09 14.616152499571683 0.3312242  0.02197316 0.68194423
2.362870794770978e-09 14.615463483927684 0.31529595 0.02215252 0.679532  
2.3400079409101026e-09 14.61524310417832 0.30481152 0.02191179 0.69151597
2.318244993492035e-09 14.613038329376648 0.31220733 0.02207705 0.67805594
2.2971391207259614e-09 14.612025073251658 0.32137562 0.02191356 0.67426063
2.2751815860790364e-09 14.611655378193074 0.29973882 0.02198751 0.69163896
2.2537112651514045e-09 14.610150250851401 0.33647199 0.02209305 0.66916811
2.232458082513019e-09 14.60975399515976 0.32956717 0.02213393 0.67984505
2.2116302546987182e-09 14.607842733104015 0.30000796 0.02205325 0.69361635
2.191111070809336e-09 14.607236908801477 0.31187993 0.02213177 0.69072852
2.170050786498157e-09 14.606674132404153 0.34024323 0.02203221 0.67087363
2.1488762376073916e-09 14.606657729363345 0.33899274 0.02196676 0.67083541
2.1283543540916714e-09 14.60525684592962 0.32969835 0.02213697 0.67282648
2.1081064572603336e-09 14.60509194982357 0.30837959 0.02213268 0.68483764
2.0878991706797717e-09 14.603982680929908 0.30050919 0.02202212 0.69478992
2.0678839364081132e-09 14.603820665772853 0.32073682 0.02209665 0.67369451
2.0478095377452316e-09 14.60320191318378 0.31874516 0.02203413 0.6736303 
2.0290383291814325e-09 14.60085499246218 0.30377516 0.02210692 0.69090986
2.0103326662383707e-09 14.600446871580834 0.32720892 0.02193584 0.67136939
1.990657527703875e-09 14.600394504071977 0.32931244 0.0220609  0.68285744
1.9712487528298347e-09 14.5998366806317 0.30416808 0.02205245 0.68548934
1.9523432044201237e-09 14.599140930841836 0.30533331 0.02193102 0.68708057
1.9344122351423506e-09 14.59694297491462 0.30481221 0.0219384  0.69247271
1.9166768709443466e-09 14.596181619181438 0.33105434 0.02199976 0.66877648
1.8980930058583062e-09 14.596114335921754 0.32696135 0.02193978 0.67152414
1.879824593818485e-09 14.595065351514329 0.32848141 0.02201552 0.68363311
1.862298382085537e-09 14.593781309642099 0.31335641 0.0218865  0.68458644
1.844488056885439e-09 14.593702427330749 0.32910801 0.02190349 0.67819056
1.8263529850887999e-09 14.59350274640349 0.32176547 0.02188309 0.68183452
1.8085060077788271e-09 14.593181030598773 0.31976478 0.02189332 0.68487141
1.79084900804518e-09 14.59294654011358 0.33813506 0.02198117 0.67081544
1.7733361537204061e-09 14.592688542423307 0.30965036 0.02207044 0.6809225 
1.7560708377994638e-09 14.592280310397223 0.33303754 0.02196092 0.678503  
1.7389411936637861e-09 14.592096867229143 0.31168481 0.02209029 0.69209531
1.722067885624777e-09 14.591481393513147 0.31515589 0.02190421 0.67999023
1.7054539766915357e-09 14.591073479231143 0.30541703 0.02210866 0.69085267
1.6890738521774198e-09 14.590284027314329 0.32539109 0.02192474 0.67319034
1.673118323569543e-09 14.589237084393304 0.30870128 0.02192499 0.69112801
1.6573963025884576e-09 14.588247754473837 0.33649588 0.02202721 0.66885146
1.6414102830676533e-09 14.588203949157062 0.32318167 0.02199264 0.67208968
1.6257042201588353e-09 14.586905492976985 0.30384016 0.02200285 0.68665792
1.6102384934996805e-09 14.58663757406017 0.33741857 0.02205553 0.67069769
1.594555582922851e-09 14.586253117542714 0.31984206 0.02206051 0.67405595
1.579267916774085e-09 14.585371010105629 0.31017163 0.02197364 0.69295014
1.5640733453680016e-09 14.585123139782635 0.3357387  0.02195654 0.67199226
1.5488027846644664e-09 14.584814897092247 0.31889027 0.02188604 0.68191863
1.5336558887826111e-09 14.5846333307533 0.31610889 0.02210642 0.67781872
1.518710027257626e-09 14.584185781373236 0.31571122 0.02194644 0.68988643
1.5039058259415257e-09 14.584014787647423 0.30364809 0.02198932 0.69370205
1.4891648952956778e-09 14.58378493274612 0.33287152 0.02210205 0.67628975
1.4745751775009922e-09 14.583595689402845 0.32009078 0.02193493 0.67543752
1.4605775280903467e-09 14.58213590468632 0.32503374 0.02214052 0.67657697
1.4466703856641269e-09 14.582063278329553 0.32987797 0.0220637  0.67025857
1.4327514330683053e-09 14.581006542221104 0.32807186 0.02213439 0.67650546
1.4194238156968548e-09 14.57964464316177 0.32876345 0.0220859  0.67141219
