0 7.57493 0.3038 0.02234 0.6821 -7.33296 -0.241966 
0.0512867 7.32694 0.303228 0.0219882 0.68339 -7.32456 -0.00238237 
0.025365 7.34877 0.306475 0.0220853 0.679327 -7.3387 -0.0100756 
0.0247794 7.39549 0.30764 0.0220693 0.675285 -7.38975 -0.00573649 
0.0263105 7.27557 0.311578 0.02209 0.683146 -7.26398 -0.0115891 
0.0241111 7.45016 0.311503 0.0222893 0.680734 -7.2788 -0.171361 
0.0240453 7.45563 0.317292 0.022229 0.670985 -7.35243 -0.103196 
0.0263887 7.26964 0.325534 0.0220162 0.673723 -7.26961 -3.32683e-05 
0.0258527 7.31068 0.32069 0.0221122 0.673478 -7.2906 -0.0200783 
0.0258963 7.30731 0.315127 0.0220589 0.67562 -7.30374 -0.0035741 
0.0222735 7.60871 0.315673 0.0223281 0.670213 -7.38441 -0.2243 
0.0222917 7.60708 0.317321 0.0223333 0.669714 -7.37519 -0.23189 
0.0219657 7.63655 0.322697 0.0223872 0.67026 -7.31799 -0.318553 
0.0188925 7.93799 0.322253 0.0225242 0.669197 -7.33717 -0.600815 
0.0209423 7.73196 0.327731 0.0224357 0.667623 -7.32358 -0.408383 
0.0189897 7.92771 0.322263 0.0224345 0.660816 -7.52179 -0.405927 
0.0185215 7.97764 0.320025 0.0225135 0.666858 -7.40209 -0.575551 
0.0207135 7.75394 0.319452 0.0223604 0.663852 -7.48007 -0.273871 
0.0204322 7.78129 0.316875 0.0222235 0.658663 -7.68342 -0.0978732 
0.0211217 7.71491 0.324841 0.0223123 0.659826 -7.51307 -0.201844 
0.021631 7.66725 0.332263 0.0223678 0.662285 -7.38139 -0.285861 
0.0188764 7.93968 0.336164 0.0224615 0.65623 -7.47912 -0.460567 
0.0192447 7.90104 0.341438 0.0224906 0.659902 -7.37776 -0.523281 
0.0229266 7.55091 0.347744 0.0222989 0.660682 -7.36705 -0.183861 
0.023931 7.46516 0.353671 0.0222021 0.663886 -7.38682 -0.0783445 
0.0233214 7.51677 0.352375 0.0222056 0.672347 -7.43537 -0.0813972 
0.024873 7.38795 0.350098 0.021928 0.66795 -7.36796 -0.0199872 
0.0235618 7.49626 0.347509 0.0217809 0.671037 -7.36122 -0.135039 
0.0254517 7.34195 0.344723 0.0219528 0.665174 -7.33126 -0.0106861 
0.0246751 7.40392 0.352312 0.0221121 0.666832 -7.3839 -0.020024 
0.0246101 7.4092 0.346276 0.0220976 0.675677 -7.39496 -0.0142432 
0.0246589 7.40524 0.348646 0.0221037 0.672636 -7.38869 -0.0165514 
0.0251308 7.36733 0.348979 0.0220928 0.666996 -7.35479 -0.0125321 
0.0233349 7.51561 0.348199 0.0222761 0.661722 -7.36067 -0.15494 
0.0221275 7.62187 0.340447 0.0223426 0.660214 -7.37597 -0.245896 
0.0233294 7.51608 0.335414 0.0221736 0.657302 -7.46031 -0.0557716 
0.0234175 7.50854 0.336229 0.0222871 0.663724 -7.33993 -0.168616 
0.0209524 7.731 0.33832 0.0224164 0.661784 -7.35977 -0.371231 
0.0443273 7.61861 0.32726 0.0223798 0.668632 -7.31265 -0.30595 
0.042554 7.70026 0.330466 0.0224311 0.668541 -7.30099 -0.399264 
0.0193474 7.8904 0.331267 0.0225106 0.666509 -7.32156 -0.568839 
0.0206336 7.76167 0.331975 0.0224644 0.668797 -7.29508 -0.466586 
0.0243808 7.42792 0.332447 0.0222489 0.667729 -7.3041 -0.12382 
0.0229864 7.54571 0.327939 0.0222705 0.663199 -7.39748 -0.148225 
0.0240366 7.45636 0.326564 0.0221054 0.661906 -7.43911 -0.0172412 
0.0238998 7.46777 0.335218 0.0222016 0.66079 -7.38982 -0.0779493 
0.0249447 7.38219 0.33287 0.0220824 0.66254 -7.37298 -0.00920123 
0.0260947 7.29204 0.333898 0.0220759 0.67017 -7.28467 -0.00737386 
0.0252975 7.3541 0.3368 0.0221601 0.67723 -7.3077 -0.046399 
0.0249881 7.37871 0.340977 0.0221359 0.677064 -7.34699 -0.0317205 
0.0203259 7.79172 0.343242 0.0223613 0.684659 -7.51645 -0.275271 
0.0204251 7.78198 0.347444 0.0223612 0.680881 -7.50687 -0.275108 
0.0173006 8.11403 0.34764 0.0225571 0.676874 -7.43242 -0.681611 
0.0201039 7.81368 0.354488 0.022404 0.672208 -7.46534 -0.348341 
0.0229123 7.55217 0.350251 0.0222701 0.672206 -7.40432 -0.147849 
0.0198753 7.83655 0.351545 0.0223912 0.67756 -7.511 -0.325552 
0.0189694 7.92985 0.355389 0.0222248 0.685621 -7.8307 -0.0991546 
0.0184358 7.98692 0.354442 0.0223219 0.684675 -7.77157 -0.215358 
0.0204774 7.77687 0.342879 0.022328 0.686348 -7.55266 -0.224207 
0.013859 8.55764 0.350921 0.0224181 0.696987 -8.18314 -0.374498 
0.0123835 8.78279 0.356765 0.0225323 0.692432 -8.16263 -0.620154 
0.0133022 8.63966 0.361079 0.0224779 0.688907 -8.14416 -0.495493 
0.0146478 8.44693 0.362642 0.0223955 0.68709 -8.11384 -0.333094 
0.0132641 8.64539 0.365942 0.0223255 0.69093 -8.4249 -0.220486 
0.0320532 9.07794 0.368339 0.0224079 0.694345 -8.72231 -0.355629 
0.0116517 8.90461 0.368153 0.0223334 0.693662 -8.67246 -0.232146 
0.00991483 9.22745 0.369633 0.0225248 0.691813 -8.62525 -0.602195 
0.00747016 9.79368 0.368846 0.022722 0.692442 -8.62906 -1.16462 
0.00828949 9.58553 0.372853 0.0226581 0.689458 -8.62342 -0.962117 
0.0161175 9.64199 0.368816 0.0227316 0.689222 -8.44547 -1.19653 
0.00939808 9.3345 0.364653 0.0227021 0.688182 -8.23516 -1.09934 
0.0102615 9.15871 0.370407 0.0226718 0.682119 -8.15469 -1.00403 
0.0113084 8.96443 0.367612 0.0227195 0.675135 -7.8084 -1.15603 
0.00872393 9.48337 0.366049 0.0228911 0.672271 -7.69022 -1.79315 
0.00810126 9.63147 0.361475 0.0229687 0.667144 -7.50453 -2.12694 
0.00803916 9.64686 0.368696 0.0229416 0.667425 -7.63978 -2.00708 
0.00756408 9.76869 0.371157 0.0229745 0.663275 -7.61568 -2.15301 
0.0108426 9.04854 0.358762 0.0228344 0.668601 -7.48122 -1.56732 
0.0102939 9.15241 0.358505 0.0228733 0.663438 -7.43191 -1.72051 
0.0116043 8.91276 0.35555 0.022813 0.66775 -7.42681 -1.48595 
0.0151488 9.76596 0.361737 0.0229612 0.67546 -7.67281 -2.09314 
0.00454957 10.7854 0.361028 0.0230952 0.686946 -8.05397 -2.73148 
0.00869662 9.48964 0.357712 0.0228832 0.68079 -7.72879 -1.76085 
0.0108666 9.04413 0.353935 0.0228144 0.677396 -7.55307 -1.49106 
0.00998395 9.21355 0.357331 0.0228444 0.67674 -7.60751 -1.60604 
0.00899894 9.4213 0.356424 0.0228835 0.679496 -7.65952 -1.76177 
0.0302377 9.19456 0.349985 0.0228361 0.683331 -7.62094 -1.57362 
0.00769984 9.73311 0.354491 0.0229044 0.687734 -7.88496 -1.84815 
0.0085521 9.52316 0.352713 0.0229378 0.677551 -7.53273 -1.99043 
0.00802221 9.65108 0.338172 0.0230019 0.68156 -7.37311 -2.27797 
0.00915651 9.38658 0.345473 0.0229006 0.684422 -7.55437 -1.83221 
0.00767315 9.74006 0.347918 0.0229938 0.680137 -7.49921 -2.24085 
0.0064647 10.0828 0.337278 0.0231064 0.67425 -7.29384 -2.78896 
0.0153383 9.74109 0.338457 0.0230112 0.683982 -7.41948 -2.32161 
0.00648197 10.0775 0.338802 0.0230791 0.684081 -7.42674 -2.65072 
0.00534129 10.4646 0.336803 0.0231672 0.681472 -7.35466 -3.10992 
0.0102503 10.5472 0.340738 0.0231635 0.68404 -7.45728 -3.08992 
0.00409232 10.9973 0.340311 0.0232039 0.692576 -7.68526 -3.31203 
0.00771983 11.1142 0.33878 0.0231623 0.702142 -8.03075 -3.08347 
0.00426009 10.9169 0.339282 0.0231975 0.691955 -7.64075 -3.27618 
0.00350754 11.3057 0.350011 0.0231832 0.696104 -8.1087 -3.19697 
0.00408799 10.9994 0.354486 0.0230997 0.6957 -8.24466 -2.75474 
0.00321668 11.4788 0.359797 0.0230676 0.702833 -8.88575 -2.59306 
0.00447516 10.8184 0.356744 0.0229595 0.702595 -8.73271 -2.08572 
0.00311752 11.5414 0.352707 0.0231139 0.705054 -8.71398 -2.82745 
0.00465474 10.7397 0.343531 0.0230059 0.706801 -8.44315 -2.29658 
0.00474778 10.7002 0.352983 0.022934 0.705054 -8.72601 -1.97415 
0.00879513 9.46711 0.34468 0.0228212 0.696359 -7.95028 -1.51684 
0.00958506 9.2951 0.340133 0.0227326 0.702585 -8.09534 -1.19976 
0.0106084 9.09221 0.336171 0.0227684 0.697729 -7.76856 -1.32365 
0.0082823 9.58727 0.333258 0.0228772 0.701728 -7.85109 -1.73618 
0.00932276 10.7369 0.340298 0.0229979 0.709514 -8.47725 -2.25964 
0.0045623 10.7799 0.338422 0.0229809 0.712718 -8.59828 -2.18158 
0.00236087 12.0974 0.346828 0.0230936 0.718195 -9.37402 -2.72343 
0.00369622 11.2009 0.349915 0.0229698 0.71213 -9.06942 -2.13147 
0.00382864 11.1305 0.350356 0.0229427 0.712514 -9.11877 -2.01172 
0.00595044 10.2486 0.343271 0.0228038 0.712611 -8.79677 -1.45181 
0.00530094 10.4797 0.345529 0.0228949 0.709197 -8.67087 -1.80887 
0.00860141 9.51166 0.339214 0.0227354 0.707175 -8.30238 -1.20927 
0.00747779 9.79164 0.335976 0.0226373 0.718726 -8.89111 -0.900526 
0.00831503 9.57938 0.339155 0.0227074 0.710017 -8.46271 -1.11667 
0.00823283 9.59925 0.341448 0.0226626 0.711144 -8.62352 -0.975727 
0.00763927 9.74891 0.343057 0.022756 0.707554 -8.46893 -1.27998 
0.00799537 9.65778 0.3404 0.0227523 0.707967 -8.39077 -1.26702 
0.00925905 9.36431 0.339914 0.022636 0.709604 -8.46765 -0.896655 
0.0153577 9.73857 0.334557 0.0226387 0.718807 -8.83417 -0.904401 
0.0101114 9.18819 0.332219 0.0225483 0.715579 -8.52881 -0.65938 
0.0121648 8.81841 0.32882 0.0225206 0.712451 -8.22631 -0.592102 
0.0131595 8.66122 0.33042 0.0225146 0.70866 -8.08325 -0.577975 
0.0117018 8.89603 0.331944 0.022494 0.712989 -8.36512 -0.530908 
0.014777 8.42937 0.336176 0.0222711 0.708757 -8.28036 -0.149009 
0.0138405 8.56031 0.340746 0.0223017 0.707424 -8.37275 -0.187556 
0.0166815 8.18691 0.339 0.0221807 0.703955 -8.12589 -0.0610174 
0.0185864 7.97065 0.333541 0.0220297 0.704284 -7.97043 -0.000224529 
0.0154558 8.33954 0.328624 0.0219222 0.714229 -8.31694 -0.0226042 
0.0195145 7.87319 0.325505 0.0219767 0.707067 -7.86877 -0.00442199 
0.0196602 7.85832 0.321129 0.0219971 0.709445 -7.85709 -0.001234 
0.0172472 8.12021 0.322483 0.022019 0.714312 -8.12021 -2.28376e-06 
0.0205477 7.77001 0.316896 0.0220418 0.709739 -7.76889 -0.00111889 
0.0229258 7.55098 0.317071 0.0219364 0.702699 -7.53445 -0.0165306 
0.0209423 7.73196 0.323486 0.0219627 0.704681 -7.7242 -0.00776273 
0.0237468 7.48062 0.318581 0.0220934 0.699378 -7.46789 -0.0127283 
0.0232357 7.52413 0.322552 0.0221849 0.69672 -7.45985 -0.0642822 
0.025879 7.30864 0.316472 0.0220523 0.691996 -7.30618 -0.00246562 
0.0253611 7.34908 0.319255 0.0219286 0.692141 -7.32934 -0.0197377 
0.0248951 7.38617 0.312744 0.0217937 0.689023 -7.26511 -0.121059 
0.0221554 7.61935 0.316991 0.0216913 0.695475 -7.36402 -0.255328 
0.0220274 7.63094 0.314615 0.0216443 0.692171 -7.29732 -0.333619 
0.0216076 7.66942 0.313884 0.0216154 0.69105 -7.28253 -0.386885 
0.0228401 7.55848 0.314334 0.021667 0.688367 -7.26406 -0.294411 
0.0226462 7.57552 0.311656 0.0216551 0.688104 -7.26081 -0.31471 
0.0231874 7.52829 0.306583 0.0217018 0.693875 -7.2891 -0.23919 
0.0245008 7.4181 0.318555 0.0218336 0.692965 -7.336 -0.0821055 
0.0253773 7.3478 0.31006 0.0218308 0.685311 -7.26317 -0.0846296 
0.0245204 7.4165 0.314352 0.021758 0.685744 -7.25433 -0.162162 
0.0245497 7.41411 0.313823 0.0217597 0.685218 -7.25405 -0.160059 
0.0231458 7.53188 0.30938 0.0216846 0.685294 -7.26599 -0.265893 
0.0204525 7.7793 0.311936 0.02156 0.680308 -7.27936 -0.499938 
0.0187325 7.95499 0.312976 0.0214758 0.685236 -7.25524 -0.699755 
0.016558 8.20178 0.313765 0.0213873 0.683204 -7.25589 -0.945891 
0.033241 8.19423 0.307323 0.0214167 0.678966 -7.33418 -0.86005 
0.0182288 8.00951 0.304069 0.0215595 0.672511 -7.50841 -0.501099 
0.0170573 8.14236 0.3056 0.021487 0.672921 -7.47112 -0.671241 
0.017198 8.12593 0.30662 0.0215632 0.666423 -7.63279 -0.493137 
0.0146465 8.4471 0.303679 0.0215709 0.65951 -7.97049 -0.476607 
0.0163099 8.23196 0.308709 0.0215101 0.66553 -7.61762 -0.614347 
0.0155478 8.32767 0.309795 0.0215016 0.662601 -7.69268 -0.634992 
0.0132761 8.64359 0.305905 0.0214836 0.658238 -7.96362 -0.679964 
0.00969836 9.2716 0.302506 0.0213761 0.653676 -8.292 -0.9796 
0.01178 8.8827 0.300503 0.0214541 0.658235 -8.12604 -0.756656 
0.010398 9.13228 0.295605 0.0213657 0.661682 -8.12078 -1.0115 
0.0119022 8.86206 0.29582 0.021457 0.661692 -8.1132 -0.748868 
0.0121705 8.81748 0.296157 0.0214858 0.660828 -8.14309 -0.674384 
0.011114 8.99911 0.296029 0.0214599 0.658603 -8.25777 -0.74134 
0.0118247 8.87513 0.292804 0.0214864 0.66197 -8.20243 -0.672698 
0.0131263 8.66628 0.288814 0.0216851 0.660962 -8.40118 -0.265093 
0.00933608 9.34774 0.28469 0.0214986 0.658589 -8.70528 -0.642461 
0.00798709 9.65986 0.278878 0.0215436 0.656279 -9.12363 -0.536232 
0.0096176 9.28832 0.281799 0.0216525 0.656461 -8.96917 -0.319151 
0.0203396 9.17666 0.28506 0.021619 0.656807 -8.79675 -0.379915 
0.010274 9.15629 0.283432 0.0216485 0.657456 -8.83023 -0.326055 
0.0101849 9.17369 0.281656 0.0215686 0.661084 -8.69219 -0.481504 
0.0105647 9.10047 0.2842 0.0216161 0.658788 -8.71495 -0.385512 
0.0107961 9.05715 0.290274 0.0215238 0.658544 -8.47543 -0.581716 
0.0108512 9.04696 0.293797 0.0215124 0.656752 -8.43808 -0.608885 
0.0117759 8.88339 0.299677 0.0214229 0.660595 -8.04099 -0.842401 
0.0118074 8.87806 0.30475 0.0213228 0.664829 -7.72932 -1.14874 
0.0115683 8.91898 0.297354 0.0214531 0.659662 -8.15959 -0.75939 
0.0128358 8.71103 0.299704 0.021441 0.663373 -7.91878 -0.792252 
0.011455 8.93867 0.292762 0.0214607 0.662062 -8.1994 -0.739269 
0.0118028 8.87884 0.299152 0.0214486 0.659527 -8.10729 -0.771554 
0.0130526 8.67753 0.296432 0.0215192 0.661869 -8.08495 -0.592574 
0.0139284 8.54765 0.296954 0.0215458 0.663019 -8.01632 -0.531333 
0.012849 8.70898 0.296838 0.0214502 0.664831 -7.94184 -0.767148 
0.0160841 8.25985 0.295652 0.0216855 0.664419 -7.99547 -0.264381 
0.01421 8.50762 0.294495 0.0216164 0.662426 -8.12268 -0.384938 
0.0144791 8.4701 0.297034 0.0216653 0.65961 -8.1728 -0.297307 
0.0145622 8.45865 0.29562 0.0216862 0.660125 -8.19543 -0.263225 
0.0140675 8.52777 0.294394 0.0217319 0.658307 -8.3317 -0.196074 
0.0118014 8.87908 0.295397 0.0216559 0.653433 -8.56584 -0.313235 
0.0121309 8.824 0.299939 0.0218231 0.647772 -8.73235 -0.0916478 
0.00869805 9.48931 0.300208 0.0218751 0.637602 -9.43971 -0.0496057 
0.00597356 10.2408 0.297158 0.0217854 0.63138 -10.1107 -0.13008 
0.0081855 9.61078 0.303465 0.0218245 0.634638 -9.52048 -0.090298 
0.00962928 9.28589 0.300454 0.0216227 0.644699 -8.91286 -0.373032 
0.0104255 9.12701 0.301693 0.0217955 0.642554 -9.00788 -0.119126 
0.0090716 9.40521 0.300841 0.0217016 0.640859 -9.16562 -0.239589 
0.00996698 9.21695 0.305543 0.0216484 0.641944 -8.89072 -0.32623 
0.0110882 9.00375 0.309559 0.021471 0.649369 -8.29162 -0.712134 
0.00791363 9.67834 0.311422 0.0214681 0.637573 -8.95868 -0.719654 
0.0055306 10.3949 0.313818 0.0212784 0.634338 -9.09532 -1.2996 
0.00473679 10.7048 0.314399 0.0213287 0.627828 -9.57545 -1.12934 
0.00622175 10.1594 0.308303 0.0213646 0.636747 -9.14447 -1.01494 
0.00477361 10.6893 0.300264 0.021263 0.638929 -9.3351 -1.3542 
0.00356734 11.2719 0.295601 0.0211905 0.637821 -9.6461 -1.62577 
0.00329175 11.4327 0.291741 0.0210972 0.64316 -9.42029 -2.01239 
0.00355583 11.2783 0.288615 0.0211365 0.64504 -9.43384 -1.84449 
0.00596451 10.2439 0.293396 0.0213425 0.645635 -9.1591 -1.08475 
0.00783829 9.69747 0.296298 0.0214394 0.647504 -8.90081 -0.796657 
0.0125024 8.76367 0.296154 0.0217362 0.652803 -8.57336 -0.190308 
0.0112771 8.96996 0.294306 0.0218434 0.648869 -8.89624 -0.0737271 
0.0132024 8.65471 0.299852 0.0218314 0.650446 -8.57064 -0.0840729 
0.0131541 8.66204 0.293906 0.0219331 0.65312 -8.64418 -0.0178591 
0.0234277 8.89397 0.288642 0.0218123 0.654329 -8.79202 -0.10195 
0.0122122 8.81064 0.290937 0.0217118 0.656131 -8.58612 -0.224517 
0.015382 8.34911 0.291871 0.0218808 0.660624 -8.30334 -0.045773 
0.0152454 8.36695 0.293986 0.0220795 0.658083 -8.3586 -0.00835391 
0.0176538 8.07361 0.298136 0.0218338 0.662754 -7.99167 -0.0819423 
0.0163881 8.22239 0.296653 0.0218701 0.659943 -8.16931 -0.0530878 
0.0148612 8.418 0.295535 0.0219054 0.656495 -8.38698 -0.0310163 
0.0201127 7.81281 0.302496 0.0218234 0.666582 -7.72145 -0.0913577 
0.0155753 8.32414 0.297133 0.0217136 0.661012 -8.10224 -0.221895 
0.0206815 7.75703 0.312626 0.0217293 0.66503 -7.55741 -0.199625 
0.0204045 7.784 0.308073 0.0217532 0.665999 -7.61582 -0.168179 
0.0195714 7.86738 0.304351 0.0218137 0.664068 -7.76684 -0.100533 
0.0174963 8.09153 0.307399 0.0217431 0.658519 -7.91037 -0.181155 
0.0165822 8.19885 0.301064 0.0218046 0.658633 -8.08923 -0.109624 
0.0150998 8.38615 0.297108 0.0217161 0.659658 -8.16796 -0.218186 
0.0151244 8.38289 0.294105 0.0216995 0.662333 -8.14019 -0.242708 
0.0117667 8.88497 0.299513 0.0214543 0.658838 -8.12868 -0.756287 
0.011749 8.88798 0.302041 0.0214261 0.658727 -8.05454 -0.833436 
0.0107817 9.0598 0.296462 0.0214519 0.657544 -8.29732 -0.762489 
0.0223938 8.98424 0.299307 0.0214067 0.659671 -8.09554 -0.888699 
0.0120229 8.84188 0.294373 0.021576 0.657492 -8.37597 -0.465916 
0.0117407 8.88938 0.298761 0.0216877 0.650187 -8.62854 -0.260846 
0.0280715 8.53229 0.301624 0.0216283 0.656611 -8.16971 -0.362581 
0.0185212 7.97768 0.309859 0.0216298 0.664784 -7.618 -0.359685 
0.020736 7.75177 0.307779 0.0217313 0.668215 -7.55484 -0.196932 
0.021873 7.645 0.305121 0.0218311 0.669822 -7.5607 -0.0843059 
0.0213248 7.69577 0.304614 0.0217214 0.673056 -7.48502 -0.210752 
0.0225911 7.5804 0.305122 0.0217813 0.674383 -7.44575 -0.134649 
0.0231726 7.52957 0.311516 0.0217879 0.67195 -7.40227 -0.127301 
0.0239243 7.46572 0.313542 0.0217846 0.674396 -7.33482 -0.130902 
0.0201498 7.80912 0.30946 0.0216649 0.668683 -7.51109 -0.298035 
0.0147785 8.42917 0.306304 0.0215509 0.659236 -7.90917 -0.519994 
0.016919 8.15864 0.311967 0.021626 0.658612 -7.79184 -0.366796 
0.0209714 7.72919 0.320286 0.021636 0.667763 -7.38082 -0.348366 
0.0470606 7.49893 0.328951 0.0217391 0.668011 -7.31249 -0.186444 
0.0188377 7.94379 0.329653 0.0215443 0.661898 -7.40908 -0.534713 
0.0167317 8.1809 0.338694 0.0214409 0.659832 -7.38851 -0.792391 
0.0216675 7.66388 0.343867 0.0216596 0.661333 -7.35691 -0.306973 
0.0174325 8.09884 0.335464 0.0214373 0.668259 -7.29664 -0.802199 
0.0224579 7.59223 0.330315 0.0216912 0.665723 -7.33669 -0.255534 
0.0232456 7.52328 0.336028 0.0217067 0.66928 -7.29128 -0.23199 
0.0198982 7.83425 0.342537 0.0215571 0.664617 -7.32799 -0.506262 
0.017977 8.03732 0.339356 0.0215015 0.658871 -7.40201 -0.635309 
0.0161994 8.24556 0.345219 0.021433 0.655856 -7.43127 -0.814289 
0.0170252 8.14612 0.354369 0.0214561 0.660455 -7.39477 -0.751355 
0.0176877 8.06977 0.358828 0.0214986 0.660243 -7.4273 -0.642463 
0.0181098 8.0226 0.359855 0.0215218 0.659708 -7.43608 -0.586519 
0.0143318 8.49055 0.362974 0.0213927 0.669155 -7.56076 -0.929794 
0.0118305 8.87415 0.362258 0.0212702 0.66903 -7.54564 -1.32851 
0.0143401 8.48939 0.361691 0.0213836 0.668836 -7.5325 -0.956891 
0.00919318 9.37859 0.359162 0.0211158 0.66466 -7.44687 -1.93172 
0.00912736 9.39296 0.359045 0.0211147 0.666021 -7.45657 -1.93639 
0.00897568 9.42647 0.36573 0.0211639 0.67274 -7.69468 -1.73179 
0.0104853 9.11556 0.362946 0.0212253 0.672333 -7.62343 -1.49213 
0.0111227 8.99754 0.364928 0.0212523 0.669511 -7.60474 -1.39279 
0.0104755 9.11743 0.367746 0.0212309 0.668715 -7.64614 -1.47129 
0.00904592 9.41088 0.36819 0.0211727 0.671258 -7.71436 -1.69653 
0.0117655 8.88517 0.359513 0.0212736 0.673027 -7.56859 -1.31658 
0.0119572 8.85285 0.359518 0.0212835 0.673138 -7.57098 -1.28186 
0.00959818 9.29236 0.357649 0.0211341 0.665966 -7.43804 -1.85432 
0.0318421 9.09116 0.360714 0.021186 0.661478 -7.44758 -1.64358 
0.0125664 8.75345 0.362484 0.0212807 0.65651 -7.46185 -1.2916 
0.0303832 8.37403 0.373389 0.0214364 0.651667 -7.56911 -0.804922 
0.0172282 8.12242 0.372369 0.0215318 0.651663 -7.55915 -0.563267 
0.0156196 8.31845 0.381652 0.0214996 0.652821 -7.67849 -0.639961 
0.0221504 9.00609 0.37367 0.0212423 0.655126 -7.57682 -1.42927 
0.00883204 9.45874 0.3799 0.0211435 0.65044 -7.64319 -1.81554 
0.00845903 9.54504 0.38342 0.0211899 0.66452 -7.91682 -1.62822 
0.00627621 10.142 0.382309 0.0210487 0.665433 -7.91261 -2.22937 
0.00850563 9.53405 0.381582 0.0211755 0.663716 -7.84894 -1.68511 
0.00969917 9.27143 0.379675 0.0212355 0.664335 -7.81734 -1.45409 
0.0109043 9.0372 0.38148 0.0212633 0.653909 -7.68424 -1.35296 
0.00939301 9.33558 0.387107 0.021228 0.657983 -7.85321 -1.48237 
0.0162349 9.62748 0.382105 0.0212144 0.671202 -8.09404 -1.53345 
0.0184446 9.37226 0.37765 0.0212796 0.674471 -8.07674 -1.29552 
0.00980504 9.24972 0.379837 0.0213122 0.672364 -8.06608 -1.18363 
0.00777077 9.71477 0.383059 0.0212263 0.673757 -8.22635 -1.48842 
0.00656112 10.0532 0.386449 0.0211429 0.671189 -8.23548 -1.81771 
0.0091168 10.7816 0.384046 0.0209639 0.67094 -8.14604 -2.63553 
0.00514065 10.5412 0.378698 0.0210212 0.676278 -8.18398 -2.35717 
0.00438079 10.8611 0.378265 0.0211235 0.691043 -8.96212 -1.89894 
0.00511636 10.5506 0.375712 0.021094 0.685607 -8.52454 -2.02609 
0.00468151 10.7283 0.367931 0.0209898 0.685439 -8.22053 -2.50774 
0.00499102 10.6002 0.37534 0.0210973 0.687033 -8.58845 -2.01179 
0.00584639 10.2839 0.379016 0.0212286 0.688006 -8.80378 -1.48008 
0.00502629 10.5861 0.379668 0.0211769 0.689175 -8.90642 -1.67973 
0.00511638 10.5506 0.378471 0.0212436 0.693328 -9.12615 -1.42447 
0.00687147 9.96076 0.377364 0.0214137 0.693619 -9.09215 -0.868607 
0.00851644 9.53151 0.377864 0.0213465 0.682783 -8.45983 -1.07169 
0.00752748 9.77839 0.382844 0.0212807 0.679523 -8.48688 -1.29151 
0.0090395 9.4123 0.387067 0.0213963 0.676383 -8.49321 -0.919093 
0.00478004 10.6866 0.391452 0.0212423 0.685956 -9.25763 -1.42898 
0.00209864 12.3329 0.396083 0.0211707 0.699354 -10.6286 -1.70436 
0.0033027 11.426 0.394351 0.0213401 0.697373 -10.3337 -1.09231 
0.00264835 11.8676 0.400554 0.0212566 0.694832 -10.4906 -1.37709 
0.0024552 12.0191 0.401057 0.0213777 0.700194 -11.0443 -0.974773 
0.00273979 11.7997 0.399769 0.0214384 0.700633 -11.0005 -0.799205 
0.00346011 11.3329 0.393789 0.0214376 0.699894 -10.5314 -0.801506 
0.0039466 11.0698 0.383875 0.0215823 0.707509 -10.6171 -0.452693 
0.00393605 11.0752 0.385261 0.0217277 0.709155 -10.8732 -0.201919 
0.00486761 10.6503 0.392951 0.0219969 0.701696 -10.649 -0.00125911 
0.00383967 11.1247 0.389564 0.0219903 0.708688 -11.1227 -0.00207782 
0.00621377 11.5483 0.389707 0.0220411 0.712528 -11.5472 -0.00104712 
0.0033833 11.3778 0.38693 0.021892 0.712483 -11.3391 -0.0387145 
0.00533631 10.4664 0.378267 0.021718 0.707425 -10.2509 -0.215556 
0.00467524 10.7309 0.380168 0.0215943 0.706702 -10.3028 -0.428132 
0.00425847 10.9177 0.377772 0.0214382 0.706294 -10.1179 -0.799745 
0.00719609 11.2547 0.378591 0.02128 0.703953 -9.96088 -1.29385 
0.00487571 10.647 0.373806 0.0212215 0.696812 -9.14036 -1.50662 
0.00440412 10.8504 0.375757 0.0210909 0.690473 -8.81077 -2.03966 
0.00561113 10.366 0.369037 0.0212485 0.697527 -8.95942 -1.40658 
0.00592331 10.2577 0.370332 0.0212656 0.695921 -8.91293 -1.34479 
0.00918654 9.38003 0.357008 0.0213485 0.695258 -8.3144 -1.06563 
0.0106518 9.08404 0.353807 0.0214708 0.698554 -8.37133 -0.712718 
0.0110008 9.01958 0.351115 0.0214516 0.698281 -8.25627 -0.763305 
0.0150602 8.3914 0.345845 0.0215694 0.694642 -7.9116 -0.479801 
0.0151345 8.38155 0.349785 0.021568 0.691528 -7.89871 -0.482837 
0.019488 7.87591 0.349425 0.0217056 0.68451 -7.64241 -0.233503 
0.0395944 7.84443 0.358498 0.0218089 0.680486 -7.73912 -0.105309 
0.0192548 7.89999 0.35625 0.0218879 0.685726 -7.85877 -0.0412171 
0.0202681 7.79741 0.353622 0.0218557 0.684176 -7.73359 -0.0638194 
0.0190107 7.92551 0.355585 0.0218302 0.685736 -7.84039 -0.085112 
0.0205626 7.76856 0.357496 0.0219088 0.681301 -7.73935 -0.0292109 
0.0182564 8.00648 0.359411 0.0217867 0.683815 -7.87787 -0.128605 
0.0168718 8.16422 0.354695 0.0216865 0.688002 -7.90148 -0.262739 
0.0165001 8.20878 0.357124 0.0217429 0.689231 -8.02739 -0.181383 
0.0150563 8.39192 0.355588 0.0217612 0.694706 -8.23369 -0.158229 
0.0133069 8.63894 0.359994 0.0217523 0.695981 -8.46959 -0.169344 
0.0124867 8.76618 0.360209 0.0216064 0.693879 -8.36199 -0.404186 
0.0279373 8.54188 0.357578 0.021586 0.690445 -8.0967 -0.445171 
0.00976561 9.25778 0.361923 0.0214868 0.696626 -8.58591 -0.671868 
0.0128374 8.71079 0.365755 0.0216735 0.691104 -8.42706 -0.283729 
0.0125199 8.76087 0.367369 0.0216583 0.690391 -8.45182 -0.309052 
0.0141989 8.50918 0.361689 0.0217224 0.691636 -8.29984 -0.209345 
0.017314 8.11248 0.350294 0.0217746 0.692864 -7.97015 -0.142323 
0.0153572 8.35234 0.352887 0.0216739 0.693233 -8.06932 -0.283016 
0.0175093 8.09004 0.35101 0.0218384 0.69331 -8.01213 -0.0779145 
0.0185494 7.97463 0.351148 0.0219382 0.691989 -7.95884 -0.0157976 
0.0219054 7.64204 0.348518 0.022013 0.685194 -7.64193 -0.000114765 
0.0187477 7.95337 0.355719 0.0219311 0.688069 -7.93469 -0.0186859 
0.0135944 8.5962 0.364398 0.0217923 0.692926 -8.47366 -0.12254 
0.0108822 9.04126 0.362448 0.0216572 0.698612 -8.73016 -0.311101 
0.0143136 8.4931 0.364799 0.0217579 0.689981 -8.33079 -0.162308 
0.0166253 8.19366 0.359056 0.0217363 0.687244 -8.00354 -0.190128 
0.0196611 7.85823 0.350111 0.0217665 0.686039 -7.70635 -0.151884 
0.0229608 7.54793 0.349598 0.0218457 0.677548 -7.47616 -0.0717655 
0.0223108 7.60537 0.349222 0.02196 0.683068 -7.59687 -0.00850691 
0.0190123 7.92533 0.366066 0.0219737 0.679728 -7.92027 -0.00506831 
0.0161341 8.25364 0.369899 0.0220045 0.684643 -8.25308 -0.000565953 
0.0129405 8.69478 0.37547 0.0218825 0.688014 -8.6501 -0.0446751 
0.0106142 9.09112 0.382054 0.0219321 0.69 -9.07287 -0.0182561 
0.0217186 9.04546 0.377819 0.0219162 0.692235 -9.02002 -0.0254424 
0.0118802 8.86576 0.38396 0.021847 0.684244 -8.79505 -0.070711 
0.0124807 8.76714 0.377113 0.0218552 0.687718 -8.70299 -0.0641563 
0.0148383 8.42109 0.382505 0.0218974 0.677739 -8.38558 -0.0355133 
0.0169319 8.15711 0.383803 0.0218851 0.670298 -8.11411 -0.0430014 
0.0175671 8.08345 0.383645 0.0220301 0.669586 -8.08321 -0.000239381 
0.0198617 7.83793 0.38145 0.0219843 0.663268 -7.83491 -0.00301684 
0.0178978 8.04616 0.379376 0.0221511 0.671061 -8.00553 -0.0406239 
0.0224561 7.59238 0.365924 0.0221717 0.664173 -7.53798 -0.0543994 
0.0219759 7.63562 0.364398 0.0221478 0.669653 -7.59704 -0.0385774 
0.0224682 7.5913 0.361302 0.0222293 0.665976 -7.48782 -0.10348 
0.0232008 7.52714 0.354493 0.0222113 0.654577 -7.44062 -0.0865144 
0.0227151 7.56945 0.356273 0.0221967 0.6508 -7.4957 -0.0737466 
0.0227884 7.563 0.360241 0.0221534 0.649231 -7.52098 -0.0420269 
0.022237 7.61199 0.35331 0.0221522 0.647523 -7.57072 -0.0412719 
0.0200466 7.81939 0.356232 0.021969 0.638636 -7.81324 -0.00614431 
0.022623 7.57758 0.358021 0.0220133 0.64641 -7.57747 -0.00010752 
0.0218999 7.64255 0.367835 0.0219668 0.6429 -7.63587 -0.00667706 
0.0218324 7.64872 0.372214 0.0221234 0.64402 -7.62345 -0.0252794 
0.0207422 7.75117 0.376997 0.0222628 0.648763 -7.61187 -0.139296 
0.0213409 7.69426 0.373989 0.0222429 0.653925 -7.57684 -0.117415 
0.0434645 7.65791 0.37587 0.0220828 0.659526 -7.6486 -0.00931513 
0.0210527 7.72145 0.378346 0.0220529 0.661011 -7.71889 -0.00256219 
0.0217141 7.65958 0.374197 0.0220653 0.66211 -7.65472 -0.00485935 
0.0186408 7.9648 0.385716 0.0220194 0.664029 -7.9648 -8.98704e-07 
0.017376 8.10533 0.380472 0.0217735 0.668776 -7.96176 -0.143567 
0.0190305 7.92342 0.367611 0.0216205 0.662571 -7.54624 -0.377184 
0.0220101 7.63251 0.366265 0.0217977 0.661454 -7.51569 -0.116815 
0.0212954 7.69853 0.368912 0.0218041 0.664168 -7.58835 -0.110173 
0.0204887 7.77577 0.362614 0.0219995 0.678256 -7.77477 -0.000996314 
0.0186375 7.96516 0.371683 0.022048 0.676349 -7.9633 -0.00185555 
0.0365512 8.00438 0.369928 0.0221765 0.677324 -7.94649 -0.0578884 
0.0156452 8.31518 0.372739 0.0221771 0.682568 -8.25683 -0.058349 
0.0125509 8.75593 0.375521 0.0223895 0.684034 -8.43328 -0.322646 
0.00899922 9.42124 0.380381 0.022369 0.692081 -9.13351 -0.28773 
0.00694548 9.93933 0.384312 0.0222706 0.698012 -9.79092 -0.148406 
0.00645594 10.0855 0.383402 0.0220971 0.701935 -10.0715 -0.0140554 
0.00646527 10.0826 0.385052 0.0220422 0.70092 -10.0815 -0.00116434 
0.0105888 9.09592 0.376233 0.0221711 0.693685 -9.04196 -0.053951 
0.0213001 9.08438 0.378933 0.0221315 0.691962 -9.055 -0.0293782 
0.00691178 9.94906 0.384218 0.0221417 0.699551 -9.91405 -0.0350022 
0.00577939 10.3069 0.379767 0.0222321 0.705857 -10.2006 -0.106342 
0.00865428 9.4994 0.371683 0.0222472 0.701516 -9.37748 -0.121921 
0.00574929 10.3174 0.376076 0.0220359 0.709617 -10.3168 -0.000594035 
0.0042675 10.9135 0.386981 0.0219598 0.708311 -10.9049 -0.00855845 
0.00412772 10.9801 0.384924 0.0219585 0.71034 -10.9711 -0.00893363 
0.00460483 10.7613 0.381547 0.0219115 0.710259 -10.7335 -0.0278307 
0.00406505 11.0107 0.382418 0.0219581 0.712315 -11.0016 -0.00906029 
0.00460587 10.7608 0.380185 0.0220446 0.711434 -10.7594 -0.00142581 
0.00442535 10.8408 0.384543 0.0219612 0.709236 -10.8326 -0.0081827 
0.00490531 10.6349 0.385217 0.0219294 0.706586 -10.6155 -0.0194168 
0.00468922 10.725 0.394049 0.0219134 0.701457 -10.6981 -0.0268729 
0.00360423 11.2513 0.391933 0.0219247 0.708117 -11.2298 -0.0214436 
0.00403833 11.0238 0.385802 0.0220577 0.71023 -11.0205 -0.00336489 
0.00430805 10.8945 0.388142 0.0219574 0.707337 -10.8853 -0.00924721 
0.00344608 11.341 0.389227 0.021897 0.710635 -11.3053 -0.0357211 
0.00412521 10.9813 0.394449 0.0219106 0.703755 -10.953 -0.0283036 
0.00445891 10.8257 0.386142 0.0218848 0.70766 -10.7825 -0.043209 
0.00344457 11.3419 0.391036 0.0219271 0.709576 -11.3215 -0.0204074 
0.00332775 11.4109 0.393983 0.0219836 0.708403 -11.4078 -0.0031231 
0.00316242 11.5128 0.391823 0.021892 0.710454 -11.4741 -0.0387208 
0.00600939 10.2289 0.391524 0.0219317 0.697941 -10.2104 -0.0184214 
0.00618547 10.1711 0.391737 0.0219008 0.696969 -10.1376 -0.0335494 
0.00744341 9.80085 0.397187 0.021885 0.688618 -9.75776 -0.0430907 
0.00819068 9.60952 0.393243 0.0220974 0.689312 -9.59536 -0.0141587 
0.00656589 10.0517 0.392425 0.0221267 0.695191 -10.0249 -0.0268827 
0.00616729 10.177 0.397291 0.0221308 0.693255 -10.148 -0.0289915 
0.00764329 9.74785 0.39382 0.0221456 0.69039 -9.7106 -0.0372525 
0.00605441 10.2139 0.393014 0.0220283 0.696955 -10.2138 -0.000162065 
0.00653121 10.0623 0.39112 0.0220367 0.696521 -10.0617 -0.000658981 
0.00568072 10.3414 0.385481 0.0218264 0.702546 -10.2528 -0.0885462 
0.00584498 10.2843 0.393027 0.0218638 0.697091 -10.2267 -0.0576243 
0.00559645 10.3712 0.392309 0.0218723 0.698618 -10.3197 -0.0515384 
0.00600727 10.2296 0.3963 0.0217123 0.692279 -10.0058 -0.223788 
0.00609824 10.1995 0.394053 0.0217667 0.694334 -10.0479 -0.151643 
0.00769228 9.73508 0.39358 0.0217939 0.68932 -9.61427 -0.120807 
0.00535105 10.4609 0.394436 0.0218712 0.698134 -10.4086 -0.0523515 
0.00475217 10.6983 0.401678 0.0218855 0.695823 -10.6556 -0.04274 
0.00661122 10.038 0.396182 0.0220511 0.692714 -10.0357 -0.00228641 
0.0063988 10.1033 0.400125 0.0220279 0.690767 -10.1031 -0.000146303 
0.00473651 10.7049 0.397942 0.0220875 0.698772 -10.6942 -0.0107546 
0.00375709 11.1682 0.397235 0.0220895 0.703862 -11.1568 -0.0114123 
0.00659857 10.0418 0.389736 0.0221819 0.696522 -9.97987 -0.0619381 
0.00743166 9.80401 0.389242 0.0221565 0.694212 -9.75999 -0.0440269 
0.0071737 9.87467 0.384507 0.0220703 0.698814 -9.86868 -0.00598981 
0.00577702 10.3077 0.387946 0.0220434 0.701454 -10.3064 -0.00128964 
0.00338563 11.3764 0.39253 0.0220025 0.709079 -11.3757 -0.000725048 
0.00214042 12.2935 0.39967 0.0220941 0.712247 -12.2805 -0.0129685 
0.00353265 12.6777 0.404342 0.0221534 0.712059 -12.6357 -0.0420204 
0.00215102 12.2836 0.404583 0.0220631 0.708985 -12.2792 -0.00438974 
0.0023035 12.1466 0.403752 0.0222581 0.707277 -12.0127 -0.133978 
0.00420801 10.9415 0.403353 0.0222097 0.696761 -10.8565 -0.0850075 
0.0048766 10.6466 0.404247 0.0222537 0.69259 -10.5175 -0.129101 
0.00572643 10.3253 0.399742 0.0223877 0.689881 -10.0059 -0.319403 
0.0040105 11.0377 0.398945 0.0224218 0.697693 -10.6562 -0.381496 
0.00659223 10.0437 0.393729 0.0224512 0.689085 -9.6043 -0.439429 
0.00793764 9.67228 0.394677 0.0224816 0.682308 -9.16886 -0.503421 
0.0104815 9.11628 0.388729 0.0222772 0.683427 -8.95992 -0.156365 
0.015707 8.30729 0.380654 0.0221738 0.676278 -8.25138 -0.0559112 
0.0173878 8.10397 0.376309 0.0220669 0.67613 -8.09878 -0.00518965 
0.0169462 8.15542 0.376139 0.0218887 0.676662 -8.11469 -0.0407322 
0.0154226 8.34384 0.381531 0.0217195 0.672644 -8.13046 -0.213379 
0.0145622 8.45865 0.383782 0.0216267 0.669741 -8.09309 -0.365556 
0.0135335 8.60517 0.387337 0.0217108 0.673787 -8.37931 -0.225858 
0.0147485 8.43323 0.380852 0.0217983 0.677579 -8.3171 -0.116134 
0.0140613 8.52866 0.38281 0.0218676 0.679292 -8.47379 -0.0548642 
0.0139462 8.5451 0.388159 0.0219836 0.676502 -8.54196 -0.00313275 
0.0139371 8.5464 0.3901 0.0221352 0.674447 -8.51504 -0.0313623 
0.0123629 8.78611 0.389848 0.0221407 0.679107 -8.7517 -0.0344119 
0.0125551 8.75525 0.389091 0.0221902 0.678519 -8.68683 -0.0684185 
0.011013 9.01736 0.391699 0.0221443 0.681573 -8.98085 -0.0365107 
0.011121 8.99783 0.394914 0.0220849 0.679302 -8.98788 -0.00995291 
0.0133429 8.63354 0.38992 0.0222979 0.673264 -8.45102 -0.182516 
0.0122484 8.80473 0.39677 0.0223188 0.670754 -8.59372 -0.211011 
0.00863286 9.50436 0.395009 0.0225595 0.676333 -8.81648 -0.687877 
0.00870279 9.48822 0.38797 0.0226463 0.677027 -8.56135 -0.926875 
0.00983814 9.24298 0.392001 0.0225454 0.674464 -8.59073 -0.652247 
0.0100233 9.20569 0.391979 0.0225633 0.67282 -8.5082 -0.697486 
0.0113483 8.95738 0.382919 0.0225942 0.672702 -8.17825 -0.779122 
0.0100888 9.19265 0.383254 0.0226246 0.675941 -8.32895 -0.863703 
0.0133301 8.63546 0.37275 0.02259 0.672615 -7.8678 -0.767651 
0.0110827 9.00475 0.371676 0.0227346 0.671214 -7.79804 -1.20671 
0.0206236 9.14893 0.366168 0.0228268 0.66856 -7.61091 -1.53802 
0.00961289 9.2893 0.366058 0.0228794 0.664489 -7.54407 -1.74523 
0.00905368 9.40917 0.3641 0.0229233 0.660371 -7.48101 -1.92816 
0.0101749 9.17567 0.358081 0.0228815 0.659611 -7.42179 -1.75388 
0.0144678 8.47166 0.353086 0.0226979 0.660973 -7.38564 -1.08602 
