1.5301976617277606e-34 149.5429075814151 0.46822915 0.02210141 0.8762202 
9.35824977078769e-16 62.83750114407583 0.23315886 0.0216323  0.5443376 
3.884739517636358e-15 60.294470298240554 0.22620868 0.02246033 0.55463334
6.627800723162444e-15 59.61728983276974 0.12503781 0.02392835 0.71961066
1.4915108827496895e-13 52.17080357333413 0.12567522 0.02206988 0.67471148
6.058849074468099e-13 49.62210006786332 0.11504142 0.02339308 0.87025978
9.90419418486016e-13 49.095968552178356 0.12606351 0.02357505 0.86560934
1.1031604824124394e-12 48.78704988544433 0.10134056 0.0209375  0.84854989
5.147587576942906e-12 44.499622749051554 0.44716145 0.02082421 0.51022115
9.813803026050865e-12 43.909873589464105 0.11480936 0.02294182 0.7686713 
2.3182556188105514e-11 41.38538366338216 0.13590056 0.02157703 0.70723511
3.610335331473208e-10 35.298321897482296 0.26815276 0.02309011 0.81623698
1.4175222561604472e-09 32.778682711315604 0.31529201 0.02112325 0.58405534
3.731785190212304e-09 30.779297340150396 0.17556707 0.02105101 0.82449509
1.059968384391748e-08 28.407163192358166 0.19821425 0.02208545 0.67367215
2.7287041210992024e-08 26.42315414481386 0.45630051 0.02069241 0.59966773
4.4628910711896087e-08 25.65773905134118 0.28429143 0.02353018 0.69749377
5.811588519988436e-08 24.971477618306498 0.44158427 0.02223236 0.55427761
7.262127989598632e-08 24.371472716264517 0.40521317 0.02264468 0.69951565
8.498661910535013e-08 23.93971709545758 0.28728454 0.02072088 0.67110576
8.984948438056989e-08 23.748954358103013 0.31812107 0.02339783 0.66856795
8.795745875761303e-08 23.640529024108073 0.43410925 0.02132724 0.57269875
8.846810486095259e-08 23.353386559471137 0.42288388 0.02164461 0.56850775
1.1954535376931298e-07 22.20688296088389 0.23515136 0.02193108 0.66795495
1.42580553589675e-07 22.106454132390073 0.40975736 0.02096304 0.65532713
1.3934355056076243e-07 21.920558362179424 0.37057346 0.02122911 0.70363187
1.4840921413870993e-07 21.4917158534282 0.2661267  0.02314006 0.70076042
1.6983332133255986e-07 21.006370104401796 0.48236046 0.02241278 0.6299203 
1.9235158445157447e-07 20.603342221023812 0.49520637 0.02152013 0.60138644
1.9948744218872366e-07 20.461662640047457 0.24113628 0.02223816 0.78266207
2.3630467575324608e-07 19.628300803572426 0.32493317 0.02255064 0.62782239
2.776702492448121e-07 19.358101181466967 0.39593438 0.02125049 0.61849856
2.7248999870095764e-07 19.313518857321466 0.3091599  0.02155066 0.7385226 
2.5072695821151297e-07 19.309563496148726 0.49047874 0.02210818 0.59139778
2.6666775121499834e-07 18.727868213007945 0.36283367 0.0216271  0.70240792
2.966971752033494e-07 18.467789980079463 0.28806478 0.02172427 0.65110842
3.2873938303870364e-07 17.96009799195677 0.43659082 0.02237816 0.6359871 
4.218537881731201e-07 17.140274636339967 0.29254201 0.02273531 0.70109234
4.6939593624197183e-07 17.068910359589403 0.33890709 0.02217738 0.63127886
4.5387308118999063e-07 16.896622673277104 0.24464907 0.02214456 0.70689791
4.824460397404485e-07 16.4631915072202 0.28084707 0.02242565 0.68055506
4.89302050967947e-07 16.43559648665976 0.38155281 0.02250444 0.64725857
4.893602537104723e-07 16.095795584721046 0.28221926 0.02175917 0.67795532
5.136116524359432e-07 15.853782797258337 0.26327214 0.02209871 0.73122233
4.973976074492884e-07 15.835590299526851 0.33421392 0.02155537 0.68661432
4.7566151045880253e-07 15.655295537189136 0.31592922 0.02166006 0.66430514
4.660641335897888e-07 15.533669461779075 0.28860351 0.02218766 0.67804802
4.492947682140713e-07 15.420386226807745 0.31456549 0.02218742 0.66112963
4.206520031933789e-07 15.414322518927227 0.34879079 0.02177753 0.68233193
3.848215086618291e-07 15.395291317493875 0.31196883 0.021837   0.66345501
3.526515599612266e-07 15.382254275019388 0.3547479  0.02234817 0.65494551
3.2418181640735737e-07 15.35085644756696 0.37610969 0.02212687 0.64335699
2.997905446798827e-07 15.313942551130468 0.35755766 0.02174594 0.65187331
2.760870771383486e-07 15.298944453399686 0.31721108 0.0224285  0.68035217
2.5519003516911623e-07 15.247831508946623 0.2904163  0.0219593  0.67948141
2.3798468051564039e-07 15.1969100897328 0.28911874 0.02173938 0.69215771
2.213258094430345e-07 15.15675002416095 0.37183754 0.02196162 0.65829808
2.0423482910713566e-07 15.136978282530052 0.33304077 0.02230649 0.66238978
1.872619731786508e-07 15.122534088495945 0.33455177 0.02174561 0.66137181
1.744797371388923e-07 15.039375626824457 0.32916426 0.02214007 0.65882388
1.6301150826692178e-07 15.012470755344939 0.28261221 0.02186775 0.70626627
1.5144536877937431e-07 14.952871786005858 0.35986904 0.02202033 0.65246689
1.39756273572322e-07 14.952085946619897 0.31428908 0.02209859 0.66756481
1.3059680562785742e-07 14.844226014356513 0.31932814 0.02228986 0.68140131
1.222242605959178e-07 14.834431967080217 0.32785164 0.02224216 0.68440122
1.1215620724374178e-07 14.806927671914565 0.33400309 0.0217988  0.67743628
1.0362504952203893e-07 14.76972376477175 0.35205378 0.02202345 0.66005283
9.568170303613825e-08 14.744600841562828 0.35114081 0.02203764 0.66651469
8.756523068424211e-08 14.742976801319353 0.30814746 0.0221267  0.67759167
8.067807210829218e-08 14.691361567518133 0.32295018 0.02197364 0.66863522
7.473471098533624e-08 14.667562518636851 0.33544671 0.02195548 0.66521748
6.848982189351679e-08 14.659097036639919 0.34479311 0.0220509  0.66843032
6.274432571471584e-08 14.636842754358222 0.31941425 0.02217203 0.67727306
5.7423409076121434e-08 14.632261447661381 0.30758394 0.02216183 0.68768433
5.241778199415118e-08 14.62044151151103 0.29848338 0.02202506 0.69257144
4.79747740412114e-08 14.605314080791224 0.29981223 0.02202901 0.69189461
4.405958019196413e-08 14.579783736622417 0.32093081 0.02189318 0.67930301
4.033940155476262e-08 14.576849426977756 0.32112783 0.02190026 0.67828004
3.6713710696098115e-08 14.57525595308683 0.31181116 0.02212288 0.68323481
3.3414358130047376e-08 14.572267834476785 0.32206135 0.02191573 0.67653698
3.0405415463027844e-08 14.571474032383572 0.3206389  0.02208239 0.67493593
2.778082776231094e-08 14.552172002703522 0.3312823  0.02207747 0.67408626
2.539004659937908e-08 14.550142868508454 0.32880007 0.02209488 0.67543791
2.3095868145665257e-08 14.549744779353576 0.32329254 0.02192633 0.68116581
2.101999758619748e-08 14.545622184997391 0.32170839 0.02193993 0.68341658
1.913476707058189e-08 14.544371350287651 0.31315418 0.02204559 0.68050627
1.7419712948615968e-08 14.540001468507091 0.32570503 0.02194815 0.67618955
1.586099828198529e-08 14.53808604436826 0.32889696 0.02201576 0.67312673
1.4429285893705071e-08 14.537173489414155 0.30992126 0.02197897 0.68497578
1.3148039802054425e-08 14.528802783302067 0.3125523  0.02201986 0.68892681
